3.0
6.0
2.0
4.0
3.0
1.0
17.0
1.0
14.0
2.0
8.0
6.0
17.0
15.0
7.0
2.0
15.0
1.0
2.0
10.0
4.0
2.0
2.0
8.0
20.0
17.0
8.0
10.0
15.0
104.0
6.0
6.0
2.0
24.0
9.0
1.0
5.0
4.0
1.0
11.0
11.0
3.0
6.0
9.0
2.0
34.0
117.0
5.0
34.0
2.0
1.0
3.0
2.0
15.0
2.0
1.0
2.0
3.0
147.0
132.0
1.0
6.0
2.0
5.0
1.0
1.0
2.0
2.0
1.0
2.0
1.0
1.0
59.0
16.0
2.0
5.0
1.0
1.0
1.0
2.0
21.0
3.0
12.0
3.0
1.0
33.0
1.0
25.0
1.0
1.0
43.0
2.0
17.0
2.0
13.0
4.0
2.0
6.0
1.0
11.0
2.0
1.0
1.0
22.0
30.0
2.0
2.0
1.0
4.0
52.0
1.0
81.0
25.0
2.0
7.0
1.0
5.0
5.0
20.0
35.0
1.0
7.0
13.0
3.0
3.0
5.0
6.0
11.0
4.0
2.0
2.0
3.0
1.0
3.0
8.0
1.0
202.0
2.0
4.0
1.0
799.0
8.0
7.0
1.0
13.0
2.0
24.0
1.0
5.0
1.0
2.0
12.0
1.0
21.0
40.0
5.0
691.0
5.0
3.0
2.0
3.0
3.0
1.0
5.0
2.0
2.0
1.0
1.0
9.0
1.0
43.0
12.0
84.0
181.0
1.0
2.0
5.0
2.0
26.0
3.0
10.0
3.0
1.0
3.0
46.0
7.0
2.0
74.0
38.0
7.0
7.0
4.0
84.0
2.0
6.0
1.0
1.0
3.0
12.0
70.0
1.0
8.0
40.0
5.0
19.0
1.0
6.0
2.0
59.0
58.0
87.0
3.0
6.0
1.0
352.0
82.0
3.0
38.0
428.0
1.0
30.0
1.0
26.0
127.0
1.0
16.0
24.0
6.0
1.0
4.0
1.0
11.0
3.0
30.0
80.0
14.0
304.0
11.0
8.0
2.0
2.0
191.0
2.0
13.0
2.0
18.0
1.0
5.0
2.0
2.0
1.0
3.0
17.0
5.0
63.0
111.0
38.0
1.0
19.0
2.0
1.0
30.0
35.0
2.0
33.0
1.0
3.0
2.0
2.0
6.0
1.0
1.0
10.0
6.0
104.0
16.0
2.0
1.0
1.0
86.0
4.0
1.0
1.0
11.0
35.0
8.0
6.0
1.0
5.0
4.0
6.0
1.0
4.0
11.0
41.0
11.0
23.0
1.0
3.0
3.0
7.0
1.0
1.0
9.0
2.0
277.0
42.0
3.0
298.0
21.0
3.0
4.0
1.0
144.0
37.0
2.0
17.0
245.0
12.0
177.0
14.0
973.0
3.0
2.0
2.0
1.0
3.0
2.0
7.0
20.0
3.0
171.0
1.0
7.0
3.0
190.0
2.0
33.0
3.0
1.0
11.0
107.0
1.0
6.0
28.0
293.0
3.0
9.0
5.0
10.0
16.0
15.0
5.0
222.0
158.0
27.0
30.0
569.0
6.0
3.0
4.0
3.0
1.0
1.0
5.0
57.0
27.0
1.0
13.0
3.0
3.0
4.0
25.0
1.0
2.0
10.0
11.0
1.0
1.0
110.0
25.0
5.0
48.0
2.0
19.0
82.0
17.0
45.0
1.0
3.0
14.0
1.0
3.0
17.0
1.0
18.0
201.0
36.0
1.0
1.0
3.0
46.0
2.0
11.0
1.0
41.0
3.0
7.0
1.0
2.0
4.0
1.0
4.0
20.0
1.0
2.0
2.0
1.0
4.0
4.0
2.0
66.0
1.0
1.0
4.0
1.0
744.0
13.0
236.0
3.0
1.0
5.0
1.0
2.0
5.0
15.0
12.0
10.0
59.0
27.0
16.0
65.0
4.0
344.0
2.0
4.0
59.0
2.0
5.0
21.0
23.0
9.0
91.0
3.0
1.0
2.0
13.0
2.0
5.0
10.0
5.0
12.0
3.0
3.0
35.0
20.0
6.0
1.0
47.0
192.0
1.0
2.0
23.0
10.0
3.0
7.0
4.0
8.0
3.0
1.0
9.0
3.0
3.0
115.0
19.0
1.0
2.0
2.0
2.0
1.0
3.0
3.0
1.0
1.0
1.0
92.0
26.0
15.0
7.0
9.0
4.0
8.0
3.0
39.0
1.0
2.0
8.0
4.0
1.0
894.0
1.0
4.0
175.0
1.0
8.0
5.0
1.0
136.0
47.0
97.0
1.0
11.0
1.0
11.0
4.0
3.0
16.0
10.0
1.0
2.0
2.0
9.0
1.0
1.0
39.0
11.0
3.0
2.0
2.0
1.0
1.0
1.0
530.0
2.0
75.0
16.0
1.0
12.0
1.0
154.0
11.0
2.0
19.0
121.0
6.0
6.0
4.0
5.0
65.0
1.0
266.0
3.0
11.0
54.0
1.0
1.0
1.0
3.0
2.0
2.0
5.0
6.0
1.0
1.0
2.0
9.0
1.0
8.0
23.0
29.0
1.0
2.0
5.0
4.0
27.0
7.0
12.0
4.0
267.0
1.0
55.0
32.0
1.0
10.0
43.0
1.0
23.0
6.0
1.0
11.0
1.0
7.0
3.0
44.0
34.0
10.0
9.0
1.0
6.0
1.0
16.0
62.0
4.0
2.0
1.0
15.0
1.0
31.0
1.0
1.0
1.0
75.0
5.0
2.0
7.0
2.0
4.0
4.0
1.0
2.0
1.0
1.0
1.0
3.0
136.0
5.0
11.0
24.0
25.0
3.0
2.0
16.0
20.0
23.0
79.0
5.0
1.0
3.0
1.0
1.0
2.0
5.0
2.0
8.0
2.0
20.0
15.0
34.0
13.0
3.0
3.0
1.0
5.0
2.0
140.0
1.0
49.0
2.0
43.0
14.0
3.0
11.0
17.0
1.0
36.0
12.0
1.0
1.0
1.0
533.0
6.0
2.0
7.0
12.0
1.0
13.0
16.0
11.0
1.0
516.0
1.0
1.0
2.0
2.0
199.0
340.0
2.0
4.0
2.0
43.0
8.0
4.0
2.0
6.0
598.0
18.0
33.0
1.0
5.0
53.0
8.0
14.0
37.0
7.0
1.0
193.0
19.0
18.0
5.0
51.0
11.0
43.0
1.0
5.0
3.0
1.0
2.0
29.0
7.0
1.0
2.0
2196.0
2.0
2.0
2.0
128.0
109.0
4.0
8.0
1.0
1.0
15.0
5.0
10.0
3.0
6.0
1.0
3.0
1.0
1.0
10.0
11.0
17.0
5.0
5.0
3.0
13.0
36.0
5.0
163.0
410.0
1.0
1.0
3.0
1.0
3.0
16.0
4.0
6.0
3.0
3.0
14.0
1.0
2.0
11.0
2.0
3.0
1.0
1.0
4.0
1.0
1.0
3.0
1.0
1.0
376.0
1.0
83.0
2.0
6.0
3.0
1.0
1.0
1.0
4.0
12.0
8.0
44.0
16.0
6.0
1.0
4.0
2.0
1.0
9.0
69.0
4.0
5.0
5.0
3.0
1.0
1.0
2.0
4.0
2.0
1.0
1.0
3.0
9.0
7.0
8.0
64.0
2.0
1.0
7.0
45.0
13.0
1.0
155.0
32.0
4.0
4.0
2.0
36.0
10.0
4.0
2.0
8.0
16.0
1.0
1.0
2.0
1.0
1.0
11.0
16.0
4.0
9.0
1.0
71.0
5.0
63.0
2.0
243.0
4.0
39.0
39.0
4.0
6.0
6.0
5.0
6.0
3.0
1.0
2.0
54.0
37.0
1.0
88.0
1.0
1.0
3.0
1.0
1.0
30.0
1.0
3.0
1.0
16.0
2.0
4.0
2.0
123.0
18.0
102.0
10.0
1.0
3.0
2.0
13.0
10.0
14.0
3.0
9.0
1.0
3.0
1.0
5.0
7.0
4.0
9.0
129.0
62.0
12.0
35.0
14.0
75.0
1.0
61.0
14.0
1.0
1.0
4.0
2.0
2.0
3.0
1.0
1.0
11.0
18.0
3.0
1.0
1.0
1.0
6.0
2.0
680.0
1.0
10.0
1.0
2.0
1.0
1.0
13.0
2.0
1.0
3.0
1.0
1.0
1.0
68.0
1.0
2.0
7.0
3.0
39.0
1.0
2.0
1.0
6.0
1.0
9.0
1.0
4.0
2.0
5.0
8.0
3.0
5.0
1.0
44.0
11.0
1.0
2.0
1.0
2.0
15.0
2.0
1.0
7.0
1.0
4.0
5.0
6.0
1.0
12.0
1.0
1.0
2.0
1.0
1.0
1.0
2.0
1.0
2.0
1.0
2.0
1.0
3.0
7.0
1.0
2.0
2.0
3.0
1.0
1.0
1.0
5.0
2.0
1.0
2.0
1.0
4.0
4.0
1.0
10.0
1.0
26.0
114.0
5.0
558.0
145.0
2.0
2.0
1.0
112.0
18.0
1.0
4.0
1.0
6.0
2.0
13.0
3.0
5.0
1.0
1.0
3.0
2.0
2.0
7.0
4.0
2.0
2.0
2.0
61.0
4.0
2.0
6.0
37.0
51.0
2.0
3.0
4.0
7.0
3.0
5.0
1.0
6.0
8.0
1.0
88.0
248.0
53.0
263.0
52.0
24.0
3.0
4.0
2.0
1.0
18.0
1.0
11.0
6.0
9.0
8.0
365.0
1.0
3.0
1.0
10.0
1.0
25.0
7.0
464.0
333.0
22.0
2.0
25.0
2.0
1.0
2.0
1.0
3.0
2.0
781.0
3.0
11.0
1.0
3.0
1.0
1.0
227.0
2.0
28.0
173.0
13.0
3.0
30.0
74.0
3.0
34.0
68.0
16.0
288.0
1.0
1.0
352.0
1.0
18.0
5.0
6.0
5.0
1.0
1.0
2.0
5.0
1.0
25.0
3.0
4.0
21.0
1.0
8.0
1.0
1.0
3.0
1.0
2.0
1.0
11.0
51.0
8.0
1.0
18.0
1.0
30.0
1.0
7.0
4.0
20.0
3.0
2.0
2.0
1.0
4.0
1.0
8.0
3.0
9.0
13.0
6.0
54.0
5.0
116.0
2.0
4.0
8.0
2.0
1.0
2.0
5.0
1.0
2.0
613.0
1.0
31.0
3.0
2.0
1.0
2.0
1.0
4.0
14.0
150.0
1.0
58.0
351.0
3.0
9.0
1.0
4.0
2.0
40.0
1.0
5.0
18.0
52.0
4.0
8.0
14.0
174.0
2.0
3.0
2.0
3.0
3.0
1.0
1.0
1.0
13.0
3.0
1.0
1.0
2.0
6.0
47.0
7.0
23.0
3.0
1095.0
4.0
1.0
42.0
24.0
3.0
89.0
1.0
50.0
7.0
20.0
77.0
9.0
26.0
1.0
20.0
2.0
2.0
8.0
3.0
124.0
1.0
3.0
4.0
4.0
9.0
1.0
42.0
1.0
5152.0
10.0
3.0
18.0
69.0
4.0
6.0
37.0
6.0
2.0
1.0
13.0
2.0
5.0
80.0
10.0
6.0
3.0
2.0
2.0
7.0
3.0
61.0
4.0
7.0
3.0
1.0
13.0
1.0
1.0
5.0
7.0
12.0
17.0
1.0
90.0
17.0
2.0
786.0
2.0
3.0
188.0
1.0
27.0
14.0
6.0
118.0
2.0
6.0
10.0
1.0
3.0
1.0
3.0
5.0
8.0
5.0
1.0
6.0
3.0
4.0
42.0
7.0
34.0
19.0
7.0
83.0
1.0
49.0
68.0
2.0
8.0
23.0
19.0
40.0
48.0
4.0
16.0
5.0
1.0
55.0
55.0
55.0
203.0
83.0
1.0
13.0
8.0
504.0
96.0
13.0
51.0
1.0
1.0
1.0
2.0
2.0
29.0
15.0
6.0
1.0
7.0
6.0
16.0
9.0
1.0
5.0
2.0
2.0
3.0
39.0
5.0
14.0
39.0
35.0
1.0
113.0
10.0
3.0
15.0
1.0
2.0
1.0
2.0
5.0
2.0
3.0
3.0
22.0
27.0
122.0
204.0
12.0
37.0
43.0
2.0
9.0
5.0
1.0
7.0
94.0
24.0
3.0
28.0
17.0
74.0
51.0
1.0
29.0
34.0
1.0
3.0
7.0
1.0
1.0
1.0
5.0
1.0
8.0
1.0
137.0
1.0
5.0
11.0
170.0
3.0
13.0
1.0
2.0
320.0
36.0
17.0
2.0
10.0
13.0
148.0
1.0
1.0
1.0
7.0
2.0
6.0
129.0
38.0
28.0
20.0
34.0
2.0
2.0
6.0
88.0
10.0
2.0
2.0
39.0
2.0
7.0
4.0
2.0
5.0
30.0
99.0
1.0
4.0
1.0
5.0
2.0
14.0
1.0
9.0
1.0
69.0
1.0
1.0
1.0
4.0
27.0
6.0
5.0
1.0
12.0
7.0
1.0
101.0
1.0
152.0
19.0
29.0
2.0
2.0
12.0
1.0
1.0
220.0
3.0
3.0
1.0
5.0
2.0
35.0
80.0
9.0
40.0
1.0
134.0
1.0
13.0
4.0
1.0
1.0
2.0
3.0
2.0
29.0
109.0
90.0
14.0
4.0
65.0
60.0
2.0
5.0
1.0
7.0
2.0
1.0
9.0
10.0
24.0
27.0
53.0
773.0
2.0
1.0
1.0
68.0
1.0
244.0
2.0
2.0
1.0
28.0
3.0
5.0
1.0
5.0
272.0
6.0
4.0
2.0
19.0
7.0
2.0
1.0
58.0
1.0
171.0
14.0
625.0
4.0
37.0
68.0
16.0
31.0
8.0
1.0
1.0
23.0
21.0
7.0
11.0
4.0
34.0
14.0
1.0
1.0
18.0
1.0
5.0
5.0
554.0
3.0
31.0
2.0
1.0
8.0
5.0
17.0
2.0
2.0
109.0
2.0
2.0
2.0
9.0
9.0
3.0
1412.0
1.0
1.0
8.0
1.0
5.0
4.0
7.0
140.0
3.0
4.0
1.0
27.0
2.0
1.0
2.0
7.0
2.0
6.0
1.0
1.0
8.0
2.0
92.0
18.0
2.0
6.0
14.0
35.0
20.0
1.0
3.0
726.0
13.0
3.0
3.0
40.0
2.0
2.0
2.0
64.0
2.0
2.0
6.0
1.0
2.0
8.0
2.0
5.0
1.0
1.0
1.0
10.0
16.0
20.0
3.0
31.0
5.0
16.0
3.0
2.0
1.0
108.0
9.0
1.0
2.0
9.0
2.0
7.0
8.0
6.0
9.0
2.0
168.0
1.0
4.0
5.0
1.0
4.0
7.0
2.0
18.0
2.0
11.0
6.0
6.0
1.0
1.0
1.0
3.0
2.0
3.0
70.0
1.0
2.0
2.0
44.0
13.0
98.0
2.0
1.0
4.0
10.0
1.0
6.0
57.0
9.0
2.0
33.0
1.0
8.0
6.0
6.0
8.0
1.0
6.0
1.0
1.0
222.0
6.0
16.0
1.0
11.0
4.0
11.0
14.0
2.0
3.0
4.0
1.0
1.0
3.0
4.0
7.0
1.0
145.0
3.0
1.0
2.0
3.0
1.0
22.0
4.0
3.0
6.0
1.0
2.0
19.0
1.0
29.0
5.0
17.0
3.0
1.0
17.0
1.0
2.0
10.0
2.0
6.0
2.0
2.0
1.0
1.0
1.0
6.0
1.0
1.0
19.0
1.0
1.0
20.0
12.0
1.0
10.0
3.0
2.0
1.0
1.0
1.0
2.0
741.0
219.0
1.0
5.0
15.0
17.0
2.0
47.0
234.0
257.0
1.0
11.0
236.0
2.0
4.0
10.0
1.0
9.0
1.0
42.0
1.0
2.0
1.0
58.0
33.0
1.0
19.0
1.0
1.0
3.0
12.0
2.0
5.0
2.0
1.0
1.0
22.0
1.0
157.0
33.0
54.0
1.0
1.0
5.0
49.0
2.0
2.0
107.0
1.0
2.0
2.0
272.0
14.0
36.0
1.0
28.0
63.0
1.0
2.0
13.0
5.0
1.0
2.0
79.0
2.0
1.0
28.0
1.0
1.0
81.0
1.0
1.0
3.0
2.0
35.0
67.0
194.0
2.0
2.0
57.0
2.0
1.0
57.0
4.0
28.0
1.0
3.0
29.0
1.0
2.0
439.0
32.0
2.0
1.0
4.0
4.0
1.0
4.0
14.0
25.0
1.0
1.0
2.0
33.0
9.0
69.0
5.0
5.0
1.0
10.0
4.0
21.0
4.0
8.0
259.0
13.0
149.0
1.0
13.0
24.0
177.0
5.0
6.0
67.0
1.0
280.0
15.0
3.0
1.0
41.0
1.0
14.0
1.0
2.0
1.0
1.0
2.0
1.0
20.0
3.0
181.0
8.0
1065.0
49.0
57.0
1.0
3.0
1.0
1.0
138.0
7.0
1.0
1.0
1.0
2.0
10.0
9.0
3.0
5.0
65.0
15.0
17.0
282.0
52.0
1.0
9.0
2.0
9.0
43.0
4.0
35.0
44.0
19.0
12.0
18.0
1.0
19.0
209.0
5.0
6.0
2.0
1.0
15.0
1.0
17.0
9.0
1.0
1.0
2.0
24.0
11.0
1.0
1.0
7.0
2.0
4.0
2.0
12.0
2.0
5.0
6.0
1.0
1.0
78.0
3.0
17.0
3.0
3.0
17.0
2.0
17.0
7.0
2.0
10.0
1.0
8.0
1.0
1.0
1.0
947.0
1.0
1.0
3.0
161.0
47.0
1.0
27.0
3.0
4.0
8.0
1.0
1246.0
3.0
6.0
35.0
3.0
220.0
7.0
14.0
1.0
42.0
1.0
82.0
5.0
121.0
26.0
4.0
20.0
1.0
1.0
1.0
2.0
25.0
4.0
2.0
7.0
4.0
4.0
1.0
9.0
2.0
1.0
1.0
2.0
3.0
212.0
3.0
1.0
40.0
16.0
1.0
485.0
41.0
5.0
3.0
3.0
1.0
3.0
4.0
1.0
542.0
55.0
6.0
139.0
3.0
29.0
1.0
1.0
6.0
35.0
73.0
11.0
9.0
30.0
1.0
9.0
8.0
2.0
2.0
2.0
6.0
5.0
28.0
2.0
3.0
1.0
2.0
5.0
8.0
1.0
43.0
5.0
9.0
42.0
12.0
13.0
4.0
2.0
2.0
5.0
1.0
1.0
1.0
1.0
35.0
7.0
1.0
55.0
7.0
1.0
2.0
17.0
7.0
7.0
1.0
845.0
1.0
21.0
2.0
54.0
64.0
12.0
3.0
1.0
2.0
3.0
4.0
31.0
12.0
2.0
334.0
5.0
1.0
9.0
1.0
1.0
3.0
3.0
8.0
18.0
1.0
6.0
19.0
26.0
2.0
7.0
100.0
3.0
1.0
2.0
64.0
14.0
4.0
3.0
1.0
6.0
6.0
35.0
11.0
2.0
14.0
9.0
2.0
10.0
11.0
1.0
3.0
7.0
12.0
16.0
2.0
1.0
1.0
2.0
3.0
17.0
9.0
3.0
1.0
5.0
77.0
14.0
9.0
12.0
3.0
16.0
11.0
9.0
1.0
3.0
2.0
1.0
3.0
3.0
8.0
3.0
2.0
2.0
170.0
1.0
1.0
3.0
3.0
4.0
14.0
3.0
2.0
1.0
3.0
128.0
1.0
1.0
1.0
1.0
3.0
3.0
25.0
37.0
3.0
4.0
1.0
3.0
1.0
190.0
3.0
3.0
29.0
3.0
1.0
2.0
261.0
2.0
1.0
5.0
2.0
2.0
5.0
9.0
11.0
22.0
3.0
8.0
6.0
1.0
478.0
2.0
2.0
11.0
29.0
1.0
328.0
79.0
1.0
1.0
4.0
4.0
17.0
1.0
321.0
1.0
2.0
1.0
2.0
4.0
18.0
2.0
2.0
4.0
20.0
6.0
6.0
5.0
12.0
1.0
9.0
1.0
1.0
1.0
1.0
2.0
7.0
47.0
1.0
55.0
12.0
4.0
4.0
13.0
17.0
1.0
2.0
70.0
4.0
5.0
51.0
5.0
1.0
3.0
7.0
2.0
1.0
3.0
2.0
1.0
19.0
2.0
4.0
2.0
3.0
1.0
1.0
2.0
598.0
1.0
10.0
1.0
1.0
30.0
4.0
9.0
57.0
36.0
1.0
6.0
1.0
2.0
4.0
1.0
56.0
37.0
160.0
26.0
1.0
1.0
4.0
1.0
4.0
1.0
48.0
2.0
50.0
5.0
37.0
77.0
1.0
1.0
1.0
40.0
2.0
8.0
51.0
5.0
2.0
1.0
25.0
1.0
8.0
1.0
3.0
161.0
1.0
11.0
162.0
1.0
1.0
47.0
12.0
1.0
149.0
1.0
2.0
58.0
12.0
49.0
2.0
11.0
2.0
53.0
26.0
4.0
4.0
1.0
2.0
34.0
3.0
10.0
2.0
12.0
13.0
2.0
2.0
1.0
16.0
1.0
7.0
26.0
484.0
23.0
1.0
132.0
21.0
3.0
9.0
36.0
2.0
12.0
1.0
41.0
11.0
7.0
5.0
1.0
2.0
1.0
16.0
51.0
12.0
21.0
4.0
8.0
1.0
1.0
3.0
2.0
1.0
1.0
182.0
1.0
1.0
7.0
6.0
1.0
126.0
1.0
91.0
142.0
4.0
3.0
15.0
1.0
2.0
5.0
7.0
2.0
10.0
106.0
4.0
4.0
1.0
2.0
6.0
4.0
4.0
25.0
2.0
2.0
334.0
4.0
1.0
7.0
36.0
30.0
11.0
48.0
16.0
8.0
9.0
23.0
1.0
39.0
1.0
13.0
1.0
20.0
1.0
1.0
14.0
9.0
17.0
6.0
30.0
1.0
1.0
6.0
5.0
4.0
30.0
2.0
2.0
1.0
3.0
5.0
29.0
2.0
39.0
1.0
3.0
1.0
69.0
21.0
31.0
87.0
4.0
2.0
26.0
6.0
1.0
24.0
3.0
1.0
1.0
374.0
56.0
3.0
2.0
1.0
1.0
12.0
10.0
23.0
112.0
3.0
1.0
5.0
1.0
6.0
38.0
68.0
5.0
11.0
3.0
2.0
6.0
8.0
4.0
18.0
2.0
7.0
2.0
1.0
1.0
1.0
1.0
6.0
1.0
1.0
35.0
12.0
34.0
3.0
1.0
3.0
102.0
3.0
2.0
1.0
110.0
1.0
3.0
13.0
3.0
4.0
117.0
75.0
11.0
12.0
1.0
1.0
5.0
1.0
14.0
6.0
3.0
20.0
2.0
5.0
2.0
5.0
1.0
3.0
41.0
2.0
16.0
18.0
1.0
5.0
113.0
8.0
3.0
4.0
15.0
3.0
7.0
3.0
11.0
1.0
28.0
5.0
129.0
1.0
13.0
85.0
96.0
3.0
5.0
179.0
1.0
1.0
11.0
26.0
1.0
579.0
18.0
229.0
9.0
50.0
1.0
26.0
2.0
13.0
15.0
1.0
2.0
4.0
50.0
2.0
1.0
5.0
26.0
65.0
3.0
1.0
20.0
31.0
9.0
1.0
16.0
1.0
1.0
3.0
32.0
32.0
2.0
11.0
4.0
185.0
44.0
1.0
3.0
6.0
1.0
3.0
15.0
7.0
9.0
4.0
1.0
2.0
3.0
4.0
44.0
30.0
9.0
9.0
6.0
2.0
1.0
10.0
2.0
3.0
1.0
3.0
3.0
8.0
23.0
1.0
1.0
138.0
8.0
4.0
60.0
7.0
6.0
3.0
5.0
1.0
2.0
58.0
48.0
4.0
14.0
1.0
17.0
6.0
290.0
2.0
1.0
63.0
1.0
1.0
9.0
1.0
2.0
248.0
6.0
1.0
14.0
3.0
1.0
76.0
3.0
2.0
7.0
1.0
10.0
53.0
3.0
7.0
1.0
3.0
1.0
2.0
137.0
1.0
1.0
953.0
45.0
283.0
3.0
29.0
1.0
4.0
8.0
1.0
1.0
5.0
26.0
3.0
2.0
5.0
20.0
9.0
1.0
6.0
1.0
127.0
2.0
934.0
1.0
400.0
10.0
2.0
4.0
13.0
17.0
215.0
1.0
135.0
3.0
2.0
40.0
1.0
4.0
6.0
7.0
1.0
1.0
3.0
1.0
8.0
3.0
19.0
89.0
30.0
1.0
9.0
3.0
2.0
17.0
1.0
3.0
1.0
2.0
15.0
71.0
56.0
20.0
3.0
3.0
16.0
2.0
2.0
1.0
23.0
5.0
37.0
7.0
12.0
10.0
4.0
16.0
210.0
5.0
2.0
1.0
1385.0
9.0
19.0
19.0
140.0
1.0
3.0
1.0
27.0
1.0
11.0
1.0
13.0
1.0
15.0
1.0
34.0
1.0
3.0
7.0
2.0
1.0
1.0
64.0
5.0
10.0
5.0
2.0
59.0
1.0
1.0
1.0
1.0
37.0
48.0
3.0
33.0
3.0
1.0
2.0
17.0
1.0
69.0
2.0
19.0
1.0
1.0
3.0
325.0
116.0
23.0
1.0
1.0
13.0
37.0
6.0
82.0
1.0
50.0
56.0
10.0
4.0
1.0
1.0
12.0
4.0
6.0
1.0
1.0
1.0
1.0
1.0
6.0
11.0
1.0
22.0
2.0
1.0
1.0
3.0
48.0
1.0
7.0
2.0
2.0
21.0
16.0
23.0
118.0
157.0
127.0
9.0
7.0
41.0
69.0
19.0
1.0
4.0
83.0
1.0
1.0
12.0
20.0
1.0
3.0
9.0
13.0
2.0
6.0
8.0
2.0
13.0
24.0
5.0
2.0
74.0
7.0
870.0
2.0
2.0
1.0
2.0
12.0
38.0
1.0
1.0
1.0
3.0
1.0
2.0
12.0
8.0
2.0
704.0
5.0
10.0
30.0
1.0
5.0
4.0
1.0
4.0
489.0
4.0
64.0
3.0
115.0
108.0
1.0
2.0
3.0
1.0
1.0
3.0
2.0
18.0
5.0
2.0
1.0
26.0
2.0
3.0
1.0
2.0
1.0
1.0
23.0
1.0
1.0
17.0
37.0
3.0
2.0
2.0
32.0
25.0
2.0
2.0
2.0
5.0
37.0
6.0
25.0
4.0
357.0
14.0
20.0
4.0
51.0
1.0
2.0
3.0
3.0
6.0
10.0
46.0
8.0
5.0
4.0
3.0
1.0
1.0
9.0
1023.0
2.0
4.0
64.0
6.0
1.0
4.0
3.0
19.0
31.0
7.0
2.0
1.0
7.0
10.0
1.0
23.0
16.0
10.0
10.0
110.0
1.0
1.0
1.0
66.0
1.0
15.0
1.0
2.0
1.0
10.0
5.0
1.0
1.0
3.0
8.0
2.0
1.0
181.0
32.0
11.0
1.0
2.0
1.0
1.0
2.0
7.0
74.0
2.0
4.0
22.0
2.0
1.0
3.0
12.0
1.0
2.0
12.0
30.0
1.0
1.0
10.0
3.0
2.0
2.0
1.0
1.0
1.0
2.0
1.0
4.0
821.0
1.0
100.0
1.0
30.0
2.0
13.0
3.0
8.0
2.0
8.0
13.0
4.0
6.0
9.0
2.0
1.0
10.0
15.0
44.0
146.0
1.0
96.0
3.0
1.0
11.0
17.0
32.0
4.0
1.0
2.0
10.0
15.0
4.0
4.0
2.0
15.0
1.0
99.0
14.0
36.0
6.0
1.0
4.0
10.0
1.0
2.0
15.0
1.0
5.0
30.0
15.0
407.0
1.0
3.0
6.0
2.0
2.0
3.0
8.0
98.0
1.0
1.0
6.0
3.0
73.0
3.0
3.0
2.0
1.0
93.0
13.0
8.0
13.0
1.0
1.0
1.0
1.0
3.0
8.0
373.0
422.0
11.0
6.0
8.0
22.0
1.0
3.0
4.0
1.0
3.0
1.0
4.0
2.0
22.0
2.0
2.0
15.0
2.0
105.0
1.0
33.0
32.0
2.0
1.0
2.0
1.0
1.0
85.0
7.0
27.0
8.0
2.0
1.0
39.0
3.0
10.0
43.0
28.0
366.0
7.0
1.0
2.0
1.0
8.0
25.0
947.0
1.0
4.0
120.0
6.0
1.0
15.0
2.0
1.0
13.0
4.0
25.0
1.0
8.0
59.0
34.0
2.0
138.0
1.0
2.0
73.0
19.0
43.0
8.0
265.0
11.0
1.0
2.0
10.0
24.0
2.0
197.0
4.0
2.0
2.0
1.0
18.0
8.0
39.0
28.0
46.0
5.0
1.0
22.0
1.0
3.0
81.0
9.0
8.0
1.0
1.0
464.0
27.0
24.0
2.0
16.0
644.0
2.0
10.0
3.0
6.0
8.0
2.0
4.0
2.0
2.0
162.0
4.0
6.0
8.0
2.0
20.0
2.0
1.0
8.0
3.0
1.0
3.0
3.0
112.0
5.0
15.0
2.0
69.0
1.0
7.0
49.0
2.0
2.0
2.0
6.0
34.0
1.0
1.0
3.0
2.0
42.0
2.0
1.0
13.0
42.0
23.0
1.0
9.0
1.0
3.0
14.0
2.0
158.0
4.0
17.0
1.0
5.0
1.0
56.0
2.0
1.0
2.0
2.0
323.0
1.0
8.0
1.0
22.0
16.0
1.0
7.0
3.0
6.0
5.0
3.0
9.0
1.0
11.0
3.0
12.0
30.0
1.0
53.0
1.0
397.0
1.0
1.0
3.0
1.0
2.0
3.0
6.0
6.0
7.0
1.0
1.0
1.0
2.0
6.0
3.0
9.0
1.0
1.0
1.0
26.0
264.0
3.0
33.0
1.0
3.0
3.0
3.0
5.0
1.0
2.0
234.0
4.0
29.0
4.0
24.0
4.0
2.0
1.0
1.0
9.0
40.0
4.0
5.0
48.0
3.0
2.0
1.0
238.0
1.0
76.0
1.0
15.0
82.0
1.0
1.0
18.0
7.0
8.0
53.0
6.0
8.0
4.0
1.0
2.0
1.0
76.0
7.0
3.0
5.0
30.0
1.0
1.0
102.0
1.0
24.0
2.0
4.0
2.0
1.0
55.0
18.0
11.0
2.0
4.0
5.0
2.0
37.0
2.0
2.0
3.0
3.0
2.0
26.0
2.0
9.0
2.0
1.0
64.0
203.0
26.0
36.0
1.0
1.0
1.0
12.0
14.0
1.0
6.0
11.0
18.0
3.0
74.0
2.0
8.0
1.0
4.0
15.0
10.0
4.0
1.0
17.0
103.0
113.0
2.0
8.0
1.0
1.0
8.0
265.0
34.0
2.0
88.0
33.0
1.0
2.0
4.0
29.0
15.0
6.0
4.0
579.0
7.0
1.0
21.0
1.0
2.0
1.0
1.0
23.0
31.0
5.0
1.0
9.0
71.0
1.0
5.0
1.0
283.0
65.0
17.0
12.0
22.0
6.0
6.0
12.0
2.0
1.0
22.0
1.0
16.0
5.0
193.0
24.0
58.0
3.0
8.0
1.0
2.0
6.0
7.0
357.0
2.0
19.0
10.0
208.0
1.0
16.0
11.0
10.0
1.0
1.0
3.0
1.0
4.0
5.0
2.0
167.0
30.0
1.0
3.0
6.0
71.0
108.0
5.0
1.0
29.0
18.0
4.0
1.0
1.0
1.0
14.0
1.0
7.0
4.0
1.0
3.0
3.0
65.0
58.0
3.0
2.0
171.0
54.0
2.0
2.0
31.0
16.0
3.0
1.0
3.0
9.0
2.0
8.0
148.0
2.0
10.0
3.0
14.0
1.0
59.0
1.0
1.0
482.0
64.0
105.0
26.0
9.0
33.0
3.0
5.0
14.0
4.0
31.0
1.0
21.0
3.0
71.0
4.0
4.0
4.0
1.0
4.0
95.0
1.0
2.0
95.0
2.0
1.0
1.0
5.0
5.0
2.0
1.0
25.0
3.0
86.0
11.0
3.0
10.0
32.0
2.0
145.0
4.0
1.0
2.0
4.0
10.0
9.0
59.0
10.0
1.0
16.0
1.0
1.0
9.0
7.0
3.0
1.0
61.0
5.0
3.0
1.0
5.0
33.0
11.0
1.0
7.0
2.0
3.0
1.0
2.0
28.0
9.0
21.0
2.0
10.0
12.0
1.0
2.0
3.0
1.0
4.0
5.0
1.0
1.0
11.0
2.0
444.0
2.0
2.0
3.0
1.0
1.0
7.0
18.0
12.0
9.0
12.0
8.0
16.0
2.0
49.0
2.0
4.0
16.0
3.0
3.0
1.0
1.0
4.0
1.0
10.0
1.0
1.0
1.0
1.0
26.0
27.0
9.0
22.0
3.0
10.0
4.0
1.0
4.0
7.0
11.0
8.0
137.0
6.0
24.0
9.0
9.0
7.0
6.0
10.0
4.0
2.0
1.0
41.0
1.0
1.0
5.0
36.0
84.0
1.0
24.0
77.0
24.0
7.0
18.0
197.0
1.0
15.0
2.0
11.0
7.0
46.0
59.0
3.0
4.0
3.0
1.0
2.0
13.0
4.0
3.0
8.0
2.0
3.0
10.0
4.0
1.0
25.0
420.0
180.0
23.0
3.0
10.0
2.0
1.0
2.0
84.0
13.0
74.0
3.0
42.0
41.0
2.0
8.0
7.0
1.0
9.0
9.0
25.0
1.0
113.0
98.0
2.0
13.0
16.0
14.0
510.0
18.0
2.0
4.0
54.0
6.0
23.0
51.0
8.0
1.0
1.0
7.0
1.0
287.0
5.0
208.0
16.0
3.0
3.0
1.0
4.0
5.0
3.0
3.0
2.0
3.0
480.0
21.0
11.0
21.0
197.0
1.0
4.0
3.0
19.0
4.0
1.0
29.0
15.0
1.0
101.0
33.0
58.0
1.0
4.0
9.0
361.0
3.0
2.0
69.0
1.0
9.0
2.0
42.0
14.0
183.0
9.0
3.0
16.0
26.0
173.0
2.0
7.0
7.0
2.0
1.0
36.0
47.0
1.0
14.0
3.0
585.0
78.0
4.0
16.0
8.0
349.0
54.0
141.0
37.0
1.0
1.0
7.0
8.0
1.0
54.0
121.0
34.0
7.0
22.0
19.0
75.0
4.0
6.0
16.0
5.0
68.0
31.0
1.0
2.0
25.0
17.0
105.0
58.0
35.0
4.0
1.0
116.0
2.0
93.0
11.0
267.0
278.0
1.0
15.0
146.0
1.0
32.0
12.0
11.0
77.0
14.0
1.0
10.0
4.0
15.0
168.0
31.0
2.0
4.0
34.0
25.0
1.0
2.0
103.0
13.0
1.0
7.0
44.0
1.0
83.0
1.0
2.0
6.0
92.0
17.0
28.0
44.0
13.0
1.0
6.0
13.0
3.0
3.0
22.0
24.0
7.0
36.0
998.0
2.0
8.0
147.0
3.0
2.0
1.0
58.0
2.0
1.0
13.0
6.0
2.0
2.0
11.0
1.0
16.0
5.0
15.0
108.0
27.0
216.0
17.0
7.0
3.0
2.0
5.0
393.0
14.0
1.0
7.0
36.0
79.0
121.0
13.0
4.0
7.0
2.0
5.0
2.0
2.0
55.0
2.0
4.0
1.0
6.0
5.0
11.0
51.0
11.0
2.0
3.0
11.0
4.0
2.0
3.0
2.0
274.0
12.0
1.0
5.0
25.0
1.0
4.0
9.0
10.0
2.0
4.0
84.0
5.0
11.0
1.0
10.0
7.0
11.0
8.0
34.0
4.0
2.0
3.0
1.0
3.0
3.0
128.0
1.0
1.0
4.0
3.0
19.0
18.0
7.0
4.0
156.0
84.0
14.0
1.0
3.0
92.0
16.0
1.0
5.0
3.0
96.0
18.0
4.0
1.0
1.0
2.0
5.0
15.0
7.0
3.0
3.0
174.0
1.0
68.0
4.0
6.0
3.0
6.0
2.0
7.0
12.0
1.0
1.0
105.0
24.0
11.0
3.0
4.0
1.0
2.0
1.0
4.0
16.0
2.0
19.0
2.0
3.0
275.0
1.0
1.0
15.0
199.0
2.0
5.0
119.0
5.0
1.0
2.0
1.0
8.0
1.0
12.0
2.0
8.0
5.0
17.0
6.0
9.0
2.0
1.0
13.0
3.0
33.0
93.0
72.0
2.0
17.0
6.0
2.0
52.0
4.0
3.0
9.0
790.0
30.0
47.0
2.0
103.0
1.0
39.0
15.0
87.0
36.0
6.0
20.0
6.0
1.0
2.0
1.0
25.0
28.0
1.0
1.0
1.0
76.0
1.0
64.0
5.0
2.0
6.0
8.0
30.0
68.0
33.0
1.0
16.0
27.0
3.0
1.0
70.0
74.0
15.0
3.0
12.0
2.0
1.0
76.0
46.0
15.0
1.0
1.0
47.0
88.0
2.0
42.0
374.0
248.0
15.0
6.0
9.0
22.0
14.0
4.0
13.0
7.0
1.0
32.0
14.0
140.0
21.0
37.0
1.0
101.0
2.0
13.0
27.0
8.0
4.0
7.0
11.0
2.0
276.0
4.0
35.0
4.0
1.0
1.0
17.0
1.0
3.0
7.0
100.0
4.0
5.0
40.0
18.0
1.0
37.0
42.0
2.0
35.0
1.0
59.0
53.0
2.0
101.0
62.0
23.0
3.0
587.0
4.0
225.0
24.0
23.0
4.0
1.0
2.0
3.0
31.0
40.0
27.0
1.0
28.0
69.0
1.0
3.0
5.0
1.0
1.0
44.0
1.0
7.0
10.0
96.0
271.0
87.0
38.0
4.0
26.0
6.0
4.0
23.0
50.0
169.0
1.0
7.0
5.0
1.0
2.0
1.0
68.0
1.0
3.0
1.0
10.0
2.0
16.0
3.0
158.0
10.0
27.0
3.0
48.0
1.0
6.0
25.0
15.0
33.0
22.0
1.0
67.0
8.0
30.0
1.0
98.0
19.0
6.0
6.0
4.0
5.0
1.0
9.0
19.0
424.0
44.0
2.0
68.0
2.0
1.0
25.0
13.0
1.0
92.0
2.0
2.0
1.0
2.0
47.0
5.0
5.0
16.0
142.0
7.0
2.0
1.0
16.0
1.0
20.0
10.0
3.0
1.0
150.0
1.0
36.0
140.0
1.0
1.0
3.0
453.0
5.0
82.0
1.0
5.0
152.0
12.0
20.0
30.0
1.0
1.0
45.0
6.0
11.0
4.0
3.0
4.0
1.0
7.0
3.0
11.0
6.0
59.0
38.0
1.0
2.0
3.0
5.0
2.0
2.0
23.0
1.0
4.0
7.0
2.0
29.0
12.0
2.0
1.0
3.0
10.0
1.0
651.0
4.0
14.0
17.0
22.0
2.0
1.0
2.0
3.0
1.0
4.0
12.0
6.0
1.0
1.0
8.0
2.0
35.0
2.0
3.0
3.0
6.0
186.0
2.0
1.0
67.0
17.0
3.0
1.0
1.0
4.0
11.0
2.0
5.0
1.0
1.0
22.0
2.0
1.0
1.0
23.0
338.0
5.0
45.0
6.0
24.0
521.0
1.0
2.0
7.0
3.0
8.0
1.0
7.0
888.0
3.0
1.0
143.0
1.0
34.0
3.0
4.0
19.0
1.0
1.0
4.0
8.0
296.0
1.0
106.0
47.0
2.0
1.0
1.0
23.0
19.0
1.0
5.0
1.0
1.0
2.0
15.0
4.0
3.0
3.0
1.0
2.0
6.0
185.0
23.0
3.0
1.0
71.0
9.0
13.0
1.0
1.0
4.0
17.0
32.0
6.0
2.0
5.0
14.0
2.0
2.0
20.0
2.0
5.0
1.0
2.0
69.0
6.0
164.0
2.0
8.0
4.0
2.0
1.0
5.0
19.0
4.0
4.0
4.0
1.0
93.0
3.0
21.0
1.0
9.0
479.0
92.0
12.0
46.0
1.0
9.0
22.0
24.0
9.0
6.0
17.0
14.0
2.0
94.0
2.0
2.0
1.0
1.0
4.0
12.0
2.0
1.0
5.0
2.0
2.0
2.0
1.0
3.0
50.0
2.0
1.0
1.0
103.0
63.0
1.0
5.0
1.0
4.0
1.0
11.0
1.0
5.0
27.0
11.0
9.0
1.0
2.0
50.0
12.0
80.0
1.0
4.0
2.0
30.0
31.0
15.0
8.0
1.0
1.0
1.0
1.0
5.0
6.0
1.0
1.0
2.0
1.0
6.0
1.0
6.0
31.0
2.0
1.0
123.0
5.0
1.0
1.0
1.0
3.0
2.0
6.0
3.0
5.0
1.0
15.0
4.0
1.0
1.0
1.0
1.0
2.0
1.0
1.0
1.0
5.0
1.0
43.0
1.0
18.0
18.0
27.0
1.0
7.0
6.0
5.0
2.0
7.0
3.0
22.0
1.0
47.0
29.0
1.0
1.0
2.0
1.0
1.0
2.0
11.0
16.0
1.0
29.0
3.0
4.0
4.0
2.0
4.0
16.0
53.0
3.0
2.0
6.0
3.0
48.0
1.0
2.0
2.0
1.0
4.0
2.0
5.0
6.0
60.0
26.0
57.0
5.0
2.0
1.0
20.0
20.0
5.0
1.0
5.0
2.0
1.0
6.0
1.0
5.0
1.0
1.0
1.0
2.0
8.0
42.0
4.0
3.0
1.0
32.0
2.0
84.0
3.0
1.0
1.0
4.0
13.0
5.0
19.0
119.0
2.0
4.0
2.0
1.0
4.0
1.0
1.0
73.0
2.0
1.0
8.0
1.0
28.0
5.0
10.0
6.0
1.0
2.0
13.0
543.0
333.0
1.0
9.0
1.0
4.0
29.0
2.0
48.0
3.0
24.0
1.0
8.0
52.0
7.0
61.0
6.0
1.0
6.0
2.0
1.0
3.0
2.0
3.0
62.0
4.0
5.0
107.0
4.0
15.0
335.0
4.0
2.0
1.0
3.0
17.0
5.0
1.0
12.0
6.0
3.0
64.0
1.0
10.0
1.0
7.0
1.0
2.0
7.0
1.0
2.0
5.0
12.0
1.0
133.0
1.0
3.0
23.0
2.0
16.0
2.0
1.0
2.0
85.0
11.0
8.0
26.0
3.0
1.0
1.0
1.0
1.0
3.0
1.0
2.0
1.0
1.0
1.0
1.0
5.0
18.0
3.0
1.0
543.0
2.0
38.0
2.0
2.0
1.0
6.0
33.0
21.0
1.0
2.0
25.0
3.0
2.0
1.0
2.0
3.0
98.0
4.0
3.0
2.0
1.0
11.0
19.0
82.0
1.0
44.0
4.0
13.0
230.0
1.0
8.0
147.0
2.0
20.0
31.0
1.0
13.0
1.0
3.0
1.0
17.0
30.0
7.0
11.0
2.0
2.0
3.0
5.0
71.0
6.0
7.0
170.0
4.0
1.0
1.0
1.0
2.0
1.0
66.0
2.0
5.0
123.0
11.0
2.0
12.0
4.0
5.0
36.0
5.0
11.0
15.0
13.0
1.0
22.0
9.0
1.0
18.0
653.0
76.0
382.0
2.0
17.0
6.0
1.0
33.0
1.0
2.0
805.0
67.0
11.0
1.0
1.0
1.0
17.0
32.0
1234.0
13.0
1.0
4.0
6.0
19.0
1.0
1.0
13.0
7.0
17.0
2.0
1.0
28.0
1.0
1.0
143.0
19.0
1.0
190.0
2.0
3.0
1.0
2.0
1.0
274.0
2.0
21.0
1.0
25.0
4.0
1.0
449.0
230.0
39.0
92.0
1.0
78.0
65.0
3.0
2.0
294.0
2.0
1.0
8.0
1.0
6.0
115.0
1.0
1.0
1.0
1.0
24.0
30.0
23.0
11.0
5.0
8.0
1.0
90.0
83.0
3.0
1.0
3.0
7.0
14.0
4.0
1.0
7.0
9.0
69.0
3.0
1.0
126.0
3.0
2.0
3.0
2.0
3.0
377.0
8.0
31.0
10.0
2.0
2.0
4.0
1.0
1.0
171.0
12.0
3.0
1.0
15.0
2.0
14.0
1.0
62.0
3.0
61.0
1.0
26.0
19.0
15.0
1.0
2.0
7.0
3.0
1.0
14.0
5.0
2.0
1.0
1.0
7.0
1.0
5.0
1.0
89.0
5.0
2.0
2.0
6.0
1.0
1.0
46.0
3.0
15.0
8.0
17.0
11.0
6.0
19.0
19.0
134.0
27.0
15.0
1.0
2.0
104.0
21.0
11.0
2.0
2.0
31.0
23.0
19.0
82.0
7.0
9.0
173.0
2.0
45.0
17.0
6.0
1.0
1.0
2.0
30.0
9.0
55.0
4.0
2.0
248.0
28.0
39.0
162.0
182.0
18.0
5.0
4.0
6.0
4.0
2.0
6.0
5.0
2.0
2.0
1.0
5.0
1.0
5.0
3.0
9.0
3.0
2.0
10.0
5.0
2.0
11.0
22.0
207.0
1.0
1.0
12.0
3.0
4.0
15.0
11.0
84.0
1.0
10.0
6.0
333.0
52.0
4.0
2.0
25.0
21.0
8.0
2.0
12.0
1.0
2.0
14.0
3.0
4.0
1.0
72.0
3.0
47.0
14.0
46.0
7.0
4.0
9.0
8.0
29.0
14.0
4.0
1.0
126.0
2.0
3.0
5.0
60.0
35.0
36.0
29.0
5.0
1.0
4.0
1.0
6.0
9.0
8.0
1.0
27.0
2.0
1.0
3.0
106.0
37.0
7.0
2.0
1.0
4.0
1.0
1.0
11.0
7.0
2.0
1.0
1.0
12.0
5.0
9.0
21.0
3.0
7.0
1.0
7.0
8.0
20.0
1.0
1.0
49.0
20.0
10.0
12.0
4.0
30.0
74.0
9.0
5.0
336.0
3.0
185.0
9.0
1.0
10.0
2.0
6.0
38.0
3.0
2.0
3.0
11.0
5.0
1.0
25.0
14.0
1.0
2.0
33.0
6.0
1.0
7.0
1.0
2.0
5.0
2.0
35.0
31.0
3.0
21.0
69.0
17.0
1.0
7.0
2.0
14.0
1.0
2.0
1.0
8.0
17.0
59.0
1.0
1.0
6.0
3.0
4.0
3.0
1.0
7.0
12.0
10.0
4.0
12.0
3.0
257.0
164.0
13.0
5.0
1.0
4.0
28.0
71.0
1.0
549.0
29.0
10.0
42.0
40.0
1.0
1.0
33.0
103.0
1.0
48.0
93.0
1.0
1.0
8.0
22.0
4.0
2.0
3.0
9.0
109.0
3.0
1.0
2.0
1.0
1.0
1.0
4.0
1.0
20.0
4.0
6.0
90.0
4.0
1.0
24.0
17.0
10.0
5.0
2.0
342.0
19.0
2.0
102.0
17.0
35.0
43.0
2.0
107.0
1.0
2.0
13.0
5.0
13.0
4.0
2.0
18.0
239.0
1.0
1.0
2.0
9.0
1.0
5.0
2.0
1.0
2.0
2.0
5.0
10.0
1.0
88.0
1.0
2.0
1.0
2.0
7.0
8.0
2.0
257.0
69.0
81.0
247.0
3.0
1.0
15.0
14.0
12.0
355.0
106.0
16.0
1.0
5.0
5.0
2.0
37.0
2.0
8.0
1.0
9.0
5.0
8.0
3.0
12.0
5.0
16.0
7.0
4.0
76.0
6.0
49.0
29.0
12.0
8.0
2.0
48.0
51.0
3.0
1.0
2.0
41.0
9.0
3.0
37.0
1.0
103.0
3.0
1.0
4.0
25.0
1.0
7.0
1.0
2.0
2.0
2.0
9.0
2.0
10.0
83.0
4.0
3.0
5.0
4.0
2.0
7.0
1.0
31.0
1.0
18.0
3.0
61.0
1.0
261.0
7.0
1.0
2.0
21.0
114.0
27.0
10.0
6.0
4.0
1.0
11.0
52.0
553.0
864.0
51.0
14.0
3.0
52.0
256.0
61.0
1.0
11.0
4.0
39.0
39.0
3.0
9.0
12.0
35.0
182.0
3.0
2.0
1.0
40.0
7.0
5.0
4.0
2.0
5.0
4.0
6.0
2.0
2.0
2.0
2.0
14.0
2.0
31.0
1.0
18.0
40.0
13.0
1.0
13.0
3.0
8.0
2.0
2.0
6.0
4.0
30.0
1.0
1.0
3.0
4.0
25.0
3.0
27.0
1.0
1.0
10.0
49.0
4.0
3.0
6.0
4.0
12.0
3.0
4.0
8.0
247.0
164.0
14.0
3.0
6.0
2.0
318.0
1.0
74.0
203.0
9.0
50.0
44.0
9.0
1.0
6.0
60.0
37.0
33.0
124.0
20.0
8.0
64.0
2.0
7.0
41.0
7.0
9.0
4.0
4.0
3.0
1.0
1.0
13.0
1.0
2.0
47.0
9.0
1.0
1.0
16.0
6.0
11.0
2.0
25.0
22.0
10.0
2.0
2.0
63.0
10.0
1.0
28.0
7.0
382.0
5.0
4.0
3.0
1.0
28.0
4.0
1.0
39.0
1.0
3.0
1.0
19.0
3.0
1.0
57.0
21.0
17.0
174.0
5.0
43.0
14.0
1.0
13.0
23.0
1.0
5.0
30.0
33.0
3.0
3.0
106.0
183.0
326.0
187.0
2.0
5.0
2.0
1.0
5.0
2.0
2.0
29.0
35.0
1.0
24.0
2.0
17.0
5.0
1.0
1.0
1.0
1.0
2.0
2.0
2.0
3.0
1.0
1.0
470.0
30.0
24.0
1.0
2.0
4.0
3.0
2.0
5.0
1.0
6.0
6.0
1.0
14.0
2.0
4.0
3.0
3.0
5.0
49.0
1.0
3.0
6.0
1.0
10.0
2.0
4.0
2.0
1.0
1.0
5.0
1.0
3.0
1.0
11.0
2.0
6.0
3.0
7.0
9.0
403.0
5.0
7.0
9.0
8.0
8.0
3.0
13.0
6.0
33.0
1.0
60.0
1.0
4.0
1.0
32.0
1.0
1.0
3.0
1.0
7.0
1.0
3.0
1.0
3.0
3.0
1.0
4.0
8.0
6.0
2.0
6.0
5.0
3.0
1.0
7.0
4.0
19.0
3.0
2.0
1.0
1.0
138.0
23.0
1.0
1.0
1.0
6.0
1.0
21.0
47.0
7.0
9.0
44.0
35.0
38.0
12.0
7.0
1.0
30.0
114.0
4.0
128.0
35.0
28.0
2.0
20.0
13.0
1.0
5.0
1.0
10.0
16.0
19.0
25.0
1.0
4.0
12.0
11.0
3.0
5.0
3.0
6.0
21.0
1.0
1.0
2.0
11.0
13.0
82.0
4.0
11.0
37.0
5.0
1.0
13.0
6.0
229.0
5.0
1.0
1.0
7.0
1.0
9.0
5.0
7.0
6.0
4.0
1.0
1.0
1.0
1.0
28.0
14.0
1.0
24.0
1689.0
4.0
2.0
1.0
3.0
4.0
93.0
22.0
1.0
14.0
251.0
4.0
1.0
3.0
1.0
27.0
162.0
12.0
130.0
595.0
1.0
1.0
54.0
42.0
4.0
1.0
12.0
1.0
151.0
6.0
3.0
3.0
1.0
22.0
12.0
23.0
1.0
4.0
1.0
13.0
5.0
160.0
9.0
1.0
148.0
5.0
24.0
5.0
1.0
2.0
16.0
24.0
43.0
4.0
2.0
7.0
1.0
1.0
1.0
9.0
3.0
3.0
134.0
22.0
14.0
4.0
3.0
1.0
5.0
17.0
8.0
8.0
1.0
2.0
10.0
10.0
3.0
161.0
12.0
4.0
9.0
1.0
12.0
5.0
9.0
4.0
10.0
2.0
1.0
2.0
8.0
27.0
16.0
30.0
9.0
52.0
142.0
9.0
10.0
3.0
5.0
1.0
8.0
2.0
287.0
3.0
14.0
1.0
4.0
5.0
1.0
123.0
1.0
2.0
4.0
2.0
7.0
1.0
1060.0
1.0
1.0
2.0
7.0
2.0
4.0
79.0
2.0
6.0
7.0
6.0
1.0
2.0
1.0
1.0
9.0
9.0
1.0
1.0
68.0
8.0
1.0
2.0
78.0
8.0
8.0
80.0
9.0
1.0
72.0
3.0
6.0
31.0
2.0
21.0
39.0
1.0
12.0
8.0
15.0
2.0
202.0
15.0
11.0
100.0
1.0
11.0
4.0
114.0
1.0
10.0
2.0
1.0
1.0
4.0
21.0
7.0
4.0
40.0
3.0
4.0
30.0
2.0
3.0
27.0
8.0
108.0
74.0
3.0
6.0
994.0
1.0
13.0
547.0
3.0
21.0
210.0
1.0
1.0
1.0
5.0
6.0
12.0
280.0
2.0
1.0
1.0
1.0
5.0
61.0
11.0
5.0
205.0
3.0
3.0
1.0
28.0
1.0
32.0
17.0
111.0
36.0
3.0
1.0
1.0
3.0
1.0
6.0
45.0
1.0
4.0
14.0
25.0
2.0
9.0
1.0
4.0
26.0
5.0
3.0
9.0
11.0
3.0
1.0
23.0
21.0
1.0
3.0
5.0
1.0
120.0
1.0
1.0
5.0
79.0
1.0
17.0
3.0
17.0
4.0
3.0
3.0
67.0
1.0
3.0
4.0
24.0
6.0
9.0
2.0
1.0
1.0
32.0
2.0
22.0
5.0
2.0
46.0
5.0
13.0
75.0
2.0
14.0
3.0
3.0
1.0
4.0
4.0
3.0
9.0
12.0
39.0
61.0
5.0
5.0
97.0
4.0
6.0
6.0
4.0
8.0
4.0
1.0
1.0
2.0
1.0
1.0
1.0
1.0
2.0
1.0
3.0
514.0
701.0
12.0
19.0
7.0
30.0
68.0
5.0
3.0
21.0
197.0
18.0
4.0
317.0
1.0
47.0
1.0
3.0
3.0
7.0
2.0
1.0
349.0
1.0
1.0
1.0
7.0
11.0
8.0
2.0
38.0
1.0
1.0
263.0
3.0
199.0
19.0
32.0
2.0
1.0
535.0
158.0
6.0
97.0
9.0
1.0
1.0
6.0
1.0
25.0
3.0
6.0
4.0
1.0
1.0
5.0
1.0
70.0
3.0
2.0
4.0
23.0
4.0
2.0
3.0
1.0
2.0
5.0
103.0
12.0
12.0
28.0
4.0
1.0
75.0
5.0
5.0
3.0
3.0
4.0
234.0
2.0
3.0
1.0
3.0
4.0
7.0
157.0
1.0
13.0
4.0
93.0
42.0
79.0
123.0
28.0
28.0
13.0
1.0
4.0
46.0
136.0
71.0
2.0
6.0
1.0
138.0
6.0
38.0
9.0
7.0
1.0
1.0
2.0
19.0
517.0
178.0
56.0
24.0
11.0
34.0
81.0
27.0
1.0
220.0
1.0
5.0
1.0
29.0
2.0
1.0
15.0
1.0
1.0
1.0
4.0
2.0
5.0
7.0
3.0
2.0
1.0
80.0
2.0
1.0
3.0
13.0
7.0
2.0
1.0
1.0
8.0
50.0
6.0
5.0
18.0
1.0
8.0
22.0
1.0
37.0
3.0
10.0
3.0
6.0
1.0
1.0
1.0
1.0
7.0
1.0
1.0
6.0
18.0
1.0
44.0
43.0
3.0
1.0
1.0
2.0
1.0
71.0
130.0
6.0
7.0
40.0
2.0
1.0
3.0
1.0
7.0
1.0
13.0
5.0
14.0
1.0
3.0
1.0
33.0
144.0
15.0
168.0
4.0
1.0
6.0
1.0
2.0
10.0
6.0
126.0
1.0
17.0
24.0
4.0
19.0
9.0
21.0
16.0
13.0
2.0
6.0
3.0
7.0
4.0
104.0
9.0
2.0
42.0
5.0
18.0
8.0
1.0
8.0
2.0
1.0
11.0
7.0
4.0
1.0
1.0
6.0
1.0
6.0
3.0
1.0
1.0
4.0
8.0
98.0
3.0
1.0
1.0
2.0
19.0
1.0
96.0
742.0
2.0
1.0
1.0
8.0
5.0
1.0
17.0
6.0
11.0
32.0
4.0
1.0
2.0
4.0
9.0
1.0
1.0
1.0
1.0
24.0
7.0
50.0
1.0
2.0
15.0
9.0
3.0
3.0
1.0
1.0
2.0
3.0
3.0
4.0
1.0
28.0
35.0
1.0
20.0
36.0
4.0
7.0
2.0
1.0
1.0
1.0
34.0
2.0
17.0
4.0
4.0
5.0
13.0
3.0
36.0
6.0
1.0
52.0
62.0
121.0
58.0
7.0
3.0
2.0
3.0
50.0
3.0
4.0
12.0
13.0
19.0
30.0
79.0
12.0
2.0
2.0
1.0
4.0
3.0
3.0
1.0
1.0
1.0
4.0
12.0
2.0
10.0
21.0
9.0
5.0
4.0
91.0
115.0
4.0
2.0
1.0
3.0
11.0
10.0
2.0
1.0
1.0
11.0
1.0
150.0
1.0
6.0
6.0
1.0
9.0
9.0
7.0
1.0
26.0
2.0
1.0
4.0
3.0
2.0
9.0
13.0
9.0
1.0
1.0
5.0
7.0
1.0
5.0
7.0
8.0
3.0
36.0
14.0
1.0
4.0
155.0
34.0
2.0
45.0
3.0
76.0
9.0
4.0
1.0
354.0
192.0
276.0
94.0
89.0
1.0
1.0
2.0
58.0
34.0
7.0
1.0
137.0
4.0
10.0
1.0
18.0
4.0
1.0
30.0
13.0
8.0
1.0
1.0
1.0
13.0
952.0
1.0
3.0
10.0
1.0
13.0
5.0
6.0
2.0
1.0
1.0
1.0
1.0
3.0
2.0
9.0
60.0
17.0
99.0
3.0
1.0
44.0
3.0
32.0
49.0
2.0
18.0
2.0
5.0
26.0
11.0
4.0
2.0
230.0
160.0
13.0
36.0
2.0
33.0
2.0
1.0
15.0
2.0
5.0
4.0
2.0
8.0
1.0
97.0
2.0
1.0
2.0
2.0
4.0
21.0
1.0
230.0
77.0
6.0
4.0
2.0
1.0
5.0
3.0
1.0
7.0
2.0
18.0
1.0
6.0
12.0
1.0
1.0
7.0
1.0
1.0
1.0
15.0
1.0
1.0
2.0
5.0
3.0
8.0
2.0
25.0
1.0
3.0
5.0
2.0
1.0
2.0
1.0
1.0
6.0
8.0
19.0
2.0
5.0
12.0
127.0
7.0
6.0
7.0
5.0
66.0
1.0
10.0
4.0
33.0
9.0
11.0
1.0
2.0
10.0
3.0
48.0
189.0
3.0
2.0
6.0
120.0
2.0
1.0
1.0
48.0
59.0
3.0
1.0
20.0
4.0
3.0
12.0
13.0
17.0
13.0
9.0
1.0
4.0
1.0
3.0
4.0
2.0
8.0
9.0
4.0
1.0
1.0
16.0
1.0
4.0
5.0
6.0
2.0
367.0
1.0
2.0
1.0
6.0
5.0
2.0
3.0
1.0
7.0
3.0
77.0
1.0
3.0
1.0
2.0
2.0
17.0
1.0
2.0
3.0
12.0
50.0
439.0
1.0
2.0
4.0
6.0
3.0
2.0
1.0
33.0
69.0
134.0
32.0
105.0
30.0
12.0
7.0
1.0
1.0
1.0
1.0
104.0
7.0
1.0
2.0
2.0
3.0
5.0
1.0
1.0
2.0
3.0
65.0
4.0
4.0
1.0
6.0
16.0
5.0
75.0
38.0
29.0
5.0
3.0
1.0
15.0
1.0
2.0
1.0
1.0
8.0
3.0
3.0
1.0
4.0
3.0
2.0
5.0
4.0
16.0
2.0
9.0
5.0
6.0
1.0
2.0
1.0
3.0
2.0
3.0
137.0
120.0
1.0
1.0
7.0
7.0
8.0
44.0
39.0
2.0
3.0
1.0
3.0
1.0
44.0
2.0
4.0
2.0
6.0
4.0
10.0
1858.0
77.0
7.0
270.0
1.0
9.0
3.0
155.0
1.0
6.0
1.0
909.0
25.0
1.0
73.0
2.0
341.0
17.0
17.0
100.0
1.0
2.0
1.0
61.0
10.0
3.0
1.0
55.0
4.0
32.0
1.0
3.0
3.0
6.0
8.0
157.0
389.0
11.0
5.0
4.0
18.0
43.0
61.0
5.0
692.0
1.0
1.0
3.0
3.0
52.0
5.0
22.0
2.0
1.0
183.0
2.0
435.0
100.0
16.0
7.0
44.0
40.0
43.0
6.0
78.0
3.0
6.0
1.0
13.0
1.0
2.0
39.0
1.0
11.0
3.0
47.0
12.0
30.0
45.0
1.0
1.0
16.0
1.0
2.0
1.0
1.0
3.0
2.0
128.0
13.0
19.0
56.0
13.0
33.0
1.0
32.0
2.0
5.0
1.0
9.0
8.0
73.0
16.0
8.0
70.0
6.0
35.0
7.0
1.0
2.0
3.0
423.0
135.0
3.0
80.0
4.0
1.0
2.0
1.0
2.0
4.0
10.0
80.0
8.0
74.0
2.0
489.0
3.0
28.0
1.0
1.0
3.0
6.0
2.0
2.0
8.0
9.0
5.0
21.0
55.0
263.0
682.0
149.0
66.0
6.0
15.0
13.0
121.0
24.0
11.0
11.0
378.0
127.0
4.0
1.0
21.0
49.0
36.0
28.0
1.0
1.0
68.0
3.0
31.0
32.0
19.0
24.0
2.0
28.0
1.0
4.0
53.0
2.0
71.0
2.0
56.0
5.0
245.0
30.0
2.0
3.0
1.0
2.0
1.0
3.0
148.0
9.0
7.0
126.0
65.0
14.0
1.0
53.0
13.0
9.0
5.0
4.0
178.0
7.0
1.0
2.0
6.0
2.0
6.0
5.0
3.0
289.0
61.0
7.0
1.0
1.0
1.0
4.0
2.0
2.0
1.0
22.0
19.0
1.0
7.0
1.0
85.0
147.0
7.0
5.0
2.0
4.0
1.0
1.0
218.0
5.0
4.0
7.0
2.0
4.0
2.0
2.0
2.0
2.0
4.0
2.0
2.0
2.0
2.0
309.0
7.0
14.0
4.0
1.0
1.0
9.0
8.0
5.0
3.0
333.0
3.0
2.0
8.0
1.0
7.0
1.0
5.0
1.0
21.0
1.0
132.0
28.0
1.0
918.0
8.0
3.0
220.0
1.0
1.0
56.0
2.0
19.0
7.0
1.0
21.0
5.0
21.0
3.0
2.0
2.0
2.0
15.0
231.0
6.0
41.0
119.0
1.0
24.0
2.0
1.0
145.0
5.0
3.0
264.0
12.0
2.0
2.0
117.0
6.0
3.0
35.0
1.0
2.0
7.0
297.0
38.0
2.0
4.0
3.0
124.0
5.0
3.0
1.0
3.0
1.0
4.0
1.0
3.0
1.0
28.0
1.0
106.0
1.0
1.0
2.0
177.0
2.0
338.0
30.0
5.0
1.0
7.0
5.0
3.0
2.0
1.0
53.0
2.0
3.0
1.0
2.0
21.0
1.0
36.0
271.0
2.0
1.0
1.0
1.0
5.0
1.0
1.0
4.0
11.0
1.0
1.0
49.0
14.0
7.0
3.0
9.0
1.0
7.0
18.0
1.0
3.0
33.0
1.0
12.0
19.0
58.0
6.0
1.0
676.0
4.0
1.0
5.0
59.0
3.0
43.0
2.0
1.0
16.0
69.0
1.0
1.0
1.0
3.0
23.0
3.0
8.0
19.0
150.0
2.0
23.0
2.0
1.0
104.0
11.0
8.0
98.0
1.0
23.0
4.0
8.0
618.0
78.0
16.0
30.0
4.0
9.0
136.0
3.0
1.0
16.0
36.0
14.0
5.0
269.0
39.0
43.0
1.0
5.0
50.0
141.0
2.0
5.0
3.0
1.0
6.0
108.0
2.0
83.0
51.0
5.0
22.0
497.0
156.0
3.0
2.0
2.0
3.0
45.0
1.0
3.0
74.0
5.0
1.0
7.0
92.0
56.0
6.0
15.0
12.0
1.0
2.0
3.0
12.0
1.0
4.0
8.0
9.0
4.0
16.0
4.0
1.0
1.0
3.0
1.0
4.0
1.0
5.0
3.0
3.0
3.0
3.0
1.0
1.0
1.0
3.0
2.0
5.0
8.0
4.0
7.0
20.0
2.0
2.0
1.0
18.0
1.0
1.0
30.0
3.0
38.0
5.0
3.0
4.0
1.0
5.0
4.0
19.0
10.0
1.0
1.0
4.0
5.0
1.0
3.0
1.0
62.0
15.0
16.0
1.0
5.0
1.0
1.0
262.0
13.0
13.0
2.0
1.0
2.0
1.0
1.0
4.0
7.0
16.0
2.0
50.0
6.0
14.0
1.0
3.0
4.0
110.0
17.0
55.0
4.0
3.0
1.0
404.0
15.0
1.0
5.0
826.0
28.0
7.0
9.0
161.0
2.0
1.0
22.0
1.0
86.0
1.0
1.0
107.0
3.0
3.0
1.0
16.0
233.0
1.0
1.0
8.0
277.0
22.0
46.0
15.0
1.0
10.0
1347.0
15.0
165.0
534.0
7.0
2.0
3.0
90.0
6.0
1.0
1.0
9.0
145.0
5.0
25.0
1.0
3.0
63.0
15.0
11.0
6.0
205.0
10.0
3.0
20.0
1.0
3.0
1.0
2.0
2.0
1.0
41.0
62.0
27.0
1.0
12.0
1589.0
1.0
3.0
1.0
1.0
20.0
14.0
3.0
44.0
53.0
13.0
3.0
6.0
1.0
1.0
10.0
21.0
1.0
279.0
1.0
5.0
1.0
33.0
1.0
6.0
185.0
343.0
7.0
1.0
1.0
36.0
8.0
6.0
39.0
2.0
1.0
6.0
49.0
1.0
1.0
1.0
6.0
1.0
1.0
2.0
1.0
6.0
1.0
15.0
1.0
260.0
3.0
4.0
32.0
8.0
1.0
3.0
1.0
7.0
9.0
60.0
1.0
8.0
27.0
12.0
10.0
1.0
100.0
1.0
1.0
2.0
13.0
8.0
2.0
5.0
37.0
9.0
6.0
82.0
6.0
3.0
3.0
2.0
11.0
2.0
20.0
7.0
16.0
8.0
20.0
1.0
11.0
40.0
1.0
10.0
19.0
12.0
148.0
1.0
4.0
1.0
6.0
5.0
38.0
5.0
1.0
1.0
3.0
20.0
1.0
50.0
9.0
5.0
25.0
1.0
3.0
2.0
89.0
2.0
5.0
191.0
8.0
72.0
2.0
2.0
1.0
12.0
67.0
11.0
1.0
4.0
16.0
12.0
1.0
9.0
3.0
2.0
7.0
58.0
23.0
1.0
1.0
10.0
1.0
9.0
31.0
1.0
1.0
8.0
113.0
36.0
78.0
1.0
50.0
12.0
22.0
3.0
5.0
95.0
16.0
1.0
2.0
6.0
1.0
18.0
3.0
2.0
5.0
8.0
2.0
3.0
33.0
1.0
10.0
8.0
267.0
3.0
1.0
1.0
306.0
7.0
21.0
47.0
601.0
54.0
16.0
1.0
12.0
4.0
112.0
199.0
4.0
120.0
1.0
28.0
3.0
1.0
238.0
5.0
39.0
1.0
1.0
2.0
3.0
1.0
6.0
2.0
1.0
1.0
1.0
21.0
419.0
2.0
3.0
5.0
3.0
153.0
6.0
1.0
6.0
1.0
31.0
1.0
1.0
1.0
1.0
4.0
5.0
15.0
3.0
70.0
4.0
1.0
2.0
9.0
1.0
7.0
3.0
1.0
11.0
9.0
18.0
1.0
3.0
1.0
3.0
1.0
7.0
1.0
336.0
1.0
3.0
2.0
40.0
5.0
2.0
33.0
3.0
412.0
38.0
4.0
4.0
2.0
2.0
1.0
1.0
3.0
8.0
306.0
37.0
29.0
155.0
44.0
2.0
3.0
34.0
11.0
6.0
1.0
6.0
20.0
4.0
59.0
6.0
2.0
25.0
2.0
17.0
38.0
21.0
9.0
3.0
3.0
6.0
80.0
163.0
9.0
18.0
17.0
20.0
1.0
789.0
75.0
11.0
8.0
4.0
341.0
3.0
1.0
3.0
10.0
1.0
8.0
1.0
56.0
1.0
3.0
5.0
29.0
1.0
2.0
12.0
16.0
30.0
37.0
3.0
6.0
7.0
1.0
23.0
1.0
1.0
138.0
1.0
25.0
8.0
3.0
58.0
17.0
1.0
2.0
1.0
205.0
1.0
1.0
26.0
24.0
2.0
2.0
3.0
29.0
3.0
1.0
1.0
1.0
14.0
1.0
13.0
7.0
600.0
7.0
1.0
136.0
5.0
2.0
58.0
14.0
1.0
1.0
1.0
2.0
28.0
30.0
8.0
54.0
5.0
14.0
2.0
3.0
55.0
6.0
14.0
135.0
63.0
117.0
2.0
31.0
1.0
3.0
19.0
1.0
5.0
1.0
5.0
4.0
31.0
11.0
4.0
66.0
3.0
19.0
505.0
4.0
56.0
4.0
7.0
30.0
6.0
1.0
1.0
1.0
2.0
21.0
1.0
1.0
1.0
1.0
1.0
2.0
22.0
1.0
349.0
6.0
2.0
13.0
38.0
2.0
4.0
1.0
1.0
26.0
1.0
45.0
10.0
23.0
1.0
4.0
2.0
50.0
1.0
313.0
3.0
43.0
2.0
23.0
9.0
140.0
4.0
6.0
5.0
1.0
22.0
10.0
4.0
483.0
4.0
2.0
1.0
1.0
1.0
3.0
4.0
15.0
16.0
1.0
147.0
4.0
4.0
4.0
2.0
206.0
281.0
18.0
42.0
2.0
18.0
135.0
60.0
3.0
15.0
14.0
69.0
2.0
1.0
2.0
2.0
11.0
4.0
11.0
6.0
4.0
1.0
114.0
5.0
1.0
1.0
4.0
1.0
4.0
1.0
1.0
2.0
270.0
64.0
2.0
8.0
28.0
5.0
21.0
14.0
1.0
8.0
4.0
325.0
1.0
4.0
39.0
363.0
48.0
1.0
1.0
2.0
1.0
1.0
20.0
4.0
5.0
25.0
1.0
5.0
1.0
10.0
5.0
1.0
5.0
168.0
1.0
1.0
1.0
13.0
23.0
1.0
3.0
3.0
49.0
1.0
1.0
6.0
4.0
1.0
37.0
14.0
3.0
3.0
5.0
7.0
1.0
15.0
1.0
1.0
1.0
3.0
7.0
1.0
1.0
2.0
686.0
1.0
1.0
1.0
69.0
3.0
4.0
25.0
2.0
2.0
3.0
8.0
1.0
33.0
60.0
1.0
49.0
6.0
1.0
26.0
1.0
45.0
1.0
1.0
3.0
1.0
6.0
9.0
3.0
5.0
1.0
2.0
2.0
9.0
172.0
219.0
2.0
14.0
6.0
1.0
15.0
8.0
3.0
1.0
3.0
2.0
5.0
1.0
1.0
1.0
56.0
1.0
122.0
67.0
13.0
3.0
3.0
1.0
22.0
1.0
1.0
2.0
11.0
2.0
176.0
3.0
9.0
1.0
1.0
23.0
24.0
24.0
11.0
19.0
126.0
13.0
8.0
2.0
81.0
4.0
3.0
6.0
1.0
1.0
13.0
2.0
29.0
1.0
7.0
12.0
17.0
85.0
534.0
9.0
7.0
23.0
18.0
230.0
210.0
100.0
40.0
51.0
1.0
18.0
1.0
40.0
9.0
1.0
18.0
8.0
1.0
1.0
25.0
1.0
2.0
1.0
1.0
32.0
7.0
53.0
11.0
4.0
3.0
4.0
1.0
20.0
31.0
20.0
1.0
1.0
16.0
5.0
3.0
4.0
1.0
1.0
3.0
2.0
14.0
13.0
3.0
7.0
1.0
18.0
1.0
16.0
25.0
6.0
56.0
14.0
5.0
2.0
1.0
207.0
3.0
85.0
4.0
5.0
1.0
4.0
100.0
3.0
2.0
166.0
2.0
1.0
1.0
8.0
4.0
3.0
8.0
547.0
1.0
812.0
1.0
1.0
3.0
1.0
3.0
22.0
1.0
1.0
11.0
32.0
2.0
84.0
1.0
1.0
1.0
20.0
8.0
33.0
1.0
21.0
22.0
4.0
9.0
2.0
1.0
2.0
31.0
2.0
1.0
14.0
1.0
9.0
2.0
1.0
1.0
2.0
3.0
6.0
1.0
2.0
1.0
76.0
25.0
1.0
1.0
1.0
3.0
3.0
1291.0
2.0
590.0
1.0
215.0
14.0
2.0
1.0
100.0
2.0
1.0
17.0
1.0
16.0
13.0
1.0
17.0
2.0
2.0
4.0
1.0
63.0
1.0
1.0
4.0
1.0
1.0
1.0
11.0
3.0
2.0
2.0
37.0
46.0
1.0
5.0
35.0
2.0
1.0
7.0
1.0
16.0
1.0
1.0
75.0
6.0
24.0
8.0
1.0
2.0
1.0
1.0
4.0
1.0
1.0
1.0
6.0
19.0
8.0
3.0
2.0
61.0
13.0
9.0
14.0
29.0
21.0
2.0
2.0
1.0
2.0
1.0
4.0
93.0
191.0
1.0
2.0
2.0
19.0
24.0
2216.0
4.0
1.0
221.0
63.0
2.0
1.0
33.0
2.0
1.0
2.0
6.0
1.0
1.0
458.0
4.0
16.0
19.0
6.0
2.0
3.0
3.0
1.0
2.0
2.0
1.0
9.0
1.0
1.0
1275.0
3.0
53.0
1.0
5.0
51.0
3.0
3.0
3.0
1.0
28.0
2.0
1.0
1.0
3.0
1.0
1.0
4.0
3.0
3.0
2.0
1.0
10.0
2209.0
1.0
10.0
4.0
24.0
3.0
13.0
9.0
1.0
9.0
1.0
4.0
7.0
11.0
2.0
9.0
7.0
19.0
1.0
2.0
31.0
1.0
3.0
1.0
2.0
22.0
3.0
2.0
1.0
7.0
5.0
16.0
12.0
7.0
1.0
13.0
8.0
393.0
8.0
15.0
3.0
21.0
3.0
3.0
24.0
79.0
8.0
19.0
2.0
5.0
2.0
39.0
2.0
61.0
6.0
15.0
1.0
9.0
25.0
58.0
11.0
2.0
1.0
1.0
54.0
1.0
6.0
27.0
2.0
14.0
2.0
6.0
2.0
2.0
4.0
79.0
6.0
3.0
14.0
3.0
1.0
10.0
2.0
1.0
5.0
183.0
4.0
1.0
1.0
1.0
2.0
11.0
1.0
6.0
48.0
514.0
36.0
6.0
10.0
1.0
13.0
3.0
21.0
1.0
20.0
1.0
1.0
2.0
65.0
6.0
3.0
2.0
2.0
3.0
1.0
23.0
2.0
8.0
1.0
1.0
1.0
1.0
17.0
3.0
75.0
1.0
4.0
47.0
2.0
1.0
4.0
12.0
11.0
941.0
286.0
4.0
1.0
17.0
12.0
12.0
26.0
3.0
203.0
14.0
11.0
1.0
10.0
1.0
8.0
1.0
1.0
1.0
3.0
5.0
58.0
66.0
2.0
4.0
26.0
1.0
6.0
22.0
47.0
5.0
22.0
2.0
14.0
41.0
2.0
9.0
11.0
1.0
3.0
4.0
1.0
2.0
2.0
7.0
18.0
2.0
12.0
1.0
30.0
23.0
4.0
1.0
1.0
1.0
1.0
1.0
2.0
10.0
1.0
9.0
2.0
3.0
1.0
1.0
5.0
5.0
27.0
8.0
2.0
1.0
16.0
307.0
1.0
1.0
5.0
1.0
15.0
2.0
850.0
3.0
1.0
1.0
20.0
6.0
89.0
3.0
48.0
1.0
53.0
2.0
3.0
2.0
3.0
1.0
2.0
1.0
5.0
9.0
3.0
2.0
1.0
7.0
9.0
1.0
1.0
1.0
1.0
122.0
43.0
8.0
1.0
4.0
1.0
1.0
1.0
1.0
586.0
3.0
24.0
3.0
36.0
1.0
2.0
41.0
3.0
22.0
110.0
1.0
40.0
1.0
21.0
60.0
5.0
1.0
2.0
19.0
29.0
1.0
1.0
30.0
3.0
4.0
12.0
3.0
2.0
15.0
3.0
2.0
2.0
1.0
176.0
1.0
14.0
7.0
1.0
2.0
1.0
1.0
2.0
2.0
1.0
42.0
1.0
2.0
2.0
1.0
54.0
7.0
3.0
7.0
558.0
2.0
1.0
1.0
1.0
7.0
4.0
2.0
1.0
1.0
4.0
1.0
1.0
1.0
17.0
5.0
4.0
366.0
3.0
30.0
1.0
1.0
60.0
3.0
10.0
10.0
6.0
2.0
2.0
2.0
48.0
56.0
1.0
24.0
7.0
1.0
4.0
6.0
2.0
1.0
16.0
3.0
50.0
1.0
2.0
3.0
3.0
6.0
5.0
1.0
11.0
246.0
1.0
1.0
1.0
1.0
3.0
1.0
5.0
16.0
2.0
10.0
117.0
1.0
4.0
4.0
2.0
7.0
4.0
1.0
7.0
1.0
1.0
20.0
1.0
6.0
42.0
5.0
5.0
58.0
5.0
25.0
1.0
1.0
1.0
9.0
16.0
7.0
3.0
2.0
20.0
4.0
626.0
6.0
1.0
36.0
3.0
7.0
2.0
10.0
4.0
9.0
3.0
1.0
1.0
4.0
2.0
1.0
327.0
28.0
28.0
104.0
5.0
7.0
1.0
4.0
2.0
3.0
13.0
4.0
2.0
2.0
72.0
145.0
1.0
4.0
3.0
43.0
2.0
9.0
21.0
5.0
1.0
3.0
2.0
4.0
2.0
1.0
579.0
83.0
24.0
26.0
262.0
3.0
8.0
12.0
1.0
820.0
4.0
3.0
1.0
5.0
9.0
10.0
2.0
1.0
113.0
1.0
2.0
417.0
1.0
2.0
1.0
82.0
31.0
10.0
1.0
10.0
10.0
3.0
9.0
29.0
1.0
10.0
35.0
18.0
2.0
2.0
26.0
1.0
7.0
1.0
47.0
2.0
1.0
26.0
6.0
13.0
1.0
34.0
2.0
3.0
2.0
21.0
90.0
15.0
2.0
15.0
170.0
2.0
5.0
1.0
10.0
26.0
1.0
12.0
1.0
6.0
840.0
1.0
2.0
11.0
4.0
33.0
3.0
72.0
10.0
6.0
1.0
3.0
19.0
27.0
5.0
1.0
32.0
7.0
2.0
4.0
3.0
3.0
3.0
437.0
3.0
55.0
1.0
72.0
49.0
5.0
1.0
29.0
18.0
2.0
1.0
4.0
1.0
5.0
15.0
1.0
2.0
1.0
2.0
3.0
26.0
10.0
20.0
233.0
3.0
4.0
1.0
65.0
14.0
1111.0
120.0
1.0
5.0
1.0
146.0
8.0
2.0
1.0
1.0
2.0
2.0
159.0
20.0
5.0
3.0
8.0
21.0
6.0
50.0
6.0
1.0
45.0
138.0
4.0
12.0
1.0
1.0
2.0
1.0
1.0
1.0
2.0
1.0
3.0
12.0
3.0
5.0
1.0
70.0
1.0
12.0
1.0
5.0
2.0
8.0
1.0
4.0
14.0
4.0
1.0
8.0
2.0
289.0
2.0
5.0
4.0
290.0
4.0
88.0
1731.0
4.0
144.0
2.0
53.0
11.0
1.0
1.0
2.0
1.0
1.0
2.0
10.0
1.0
1.0
1.0
1.0
2.0
1.0
2.0
15.0
100.0
7.0
6.0
166.0
5.0
1.0
6.0
14.0
2.0
2.0
2.0
9.0
3.0
3.0
27.0
14.0
23.0
4.0
2.0
12.0
5.0
47.0
4.0
8.0
2.0
4.0
14.0
2.0
10.0
1.0
3.0
1.0
12.0
1.0
31.0
1.0
1.0
7.0
10.0
4.0
1.0
21.0
1.0
4.0
6.0
1.0
1.0
2.0
1.0
8.0
2.0
7.0
1.0
13.0
1.0
45.0
5.0
1.0
1.0
2.0
27.0
1.0
1.0
1.0
2.0
8.0
1.0
9.0
3.0
621.0
3.0
3.0
3.0
2.0
2.0
1.0
10.0
101.0
6.0
10.0
1.0
5.0
21.0
1.0
1081.0
6.0
3.0
1.0
9.0
1.0
11.0
2.0
4.0
10.0
3.0
11.0
1.0
9.0
4.0
2.0
28.0
1.0
4.0
169.0
1.0
92.0
1.0
1.0
12.0
6.0
1.0
1.0
100.0
16.0
2.0
4.0
1.0
1.0
4.0
1.0
1.0
2.0
1.0
4.0
1.0
2.0
1.0
1.0
9.0
3.0
1.0
7.0
121.0
5.0
24.0
3.0
2.0
66.0
2.0
4.0
12.0
5.0
2.0
1.0
8.0
2.0
1.0
1.0
5.0
11.0
7.0
56.0
21.0
272.0
1.0
353.0
13.0
4.0
4.0
2.0
2.0
39.0
58.0
68.0
18.0
2.0
6.0
37.0
10.0
4.0
27.0
6.0
1.0
2.0
2.0
6.0
1.0
9.0
1.0
1.0
2.0
17.0
8.0
2.0
179.0
1.0
2.0
5.0
36.0
10.0
4.0
1.0
1.0
4.0
493.0
34.0
103.0
1.0
1.0
1.0
194.0
1.0
15.0
4.0
29.0
5.0
24.0
11.0
12.0
7.0
15.0
2.0
1.0
1.0
49.0
2.0
546.0
3.0
2.0
1.0
2.0
10.0
4.0
3.0
9.0
36.0
4.0
46.0
3.0
2.0
7.0
3.0
1.0
9.0
1.0
1.0
2.0
1.0
1.0
3.0
5.0
133.0
57.0
2.0
1.0
4.0
69.0
1.0
37.0
10.0
12.0
2.0
15.0
1.0
46.0
4.0
4.0
1.0
8.0
1.0
1.0
36.0
2.0
1.0
3.0
143.0
2.0
13.0
5.0
1.0
5.0
5.0
2.0
1.0
2.0
1.0
3.0
134.0
594.0
1.0
12.0
124.0
6.0
1.0
60.0
1.0
32.0
9.0
3.0
31.0
72.0
24.0
5.0
11.0
39.0
34.0
10.0
1.0
36.0
14.0
8.0
1.0
5.0
30.0
53.0
4.0
1.0
3.0
27.0
1.0
3.0
2.0
1.0
27.0
1.0
100.0
1.0
1.0
1.0
6.0
116.0
20.0
17.0
3.0
18.0
206.0
1.0
1.0
2.0
17.0
3.0
3.0
2.0
3.0
1.0
1.0
6.0
315.0
2.0
2.0
227.0
13.0
6.0
1.0
1.0
21.0
73.0
6.0
1.0
62.0
12.0
11.0
2.0
2.0
1.0
2.0
3.0
173.0
19.0
56.0
1.0
1.0
21.0
3.0
20.0
5.0
1.0
2.0
1.0
1.0
2.0
24.0
9.0
2.0
10.0
160.0
1.0
1.0
74.0
9.0
8.0
23.0
8.0
426.0
4.0
5.0
7.0
1.0
11.0
3.0
40.0
3.0
6.0
1.0
15.0
2.0
1.0
2.0
4.0
1.0
9.0
6.0
4.0
2.0
48.0
1.0
11.0
2.0
1.0
2.0
1.0
176.0
1.0
4.0
8.0
14.0
4.0
1.0
39.0
37.0
9.0
13.0
27.0
5.0
10.0
5.0
13.0
17.0
1.0
128.0
3.0
12.0
1.0
2.0
32.0
4.0
2.0
5.0
13.0
3.0
1.0
7.0
1.0
1.0
1.0
4.0
3.0
8.0
1.0
1.0
6.0
1.0
3.0
1.0
12.0
17.0
1.0
1.0
2.0
1.0
1.0
1.0
2.0
6.0
1.0
1.0
1.0
1.0
22.0
3.0
2.0
3.0
1.0
2.0
3.0
1.0
4.0
6.0
5.0
2.0
1.0
1.0
1.0
5.0
1.0
1.0
3.0
4.0
32.0
5.0
3.0
4.0
8.0
3.0
1.0
2.0
1.0
57.0
1.0
9.0
20.0
2.0
1.0
1.0
1.0
2.0
1.0
2.0
3.0
3.0
3.0
30.0
9246.0
1.0
24.0
1.0
4.0
1.0
2.0
52.0
1.0
15.0
1.0
105.0
4.0
1.0
5.0
5.0
2.0
64.0
8.0
1.0
3.0
91.0
10.0
14.0
977.0
66.0
1.0
1.0
11.0
7.0
4.0
35.0
91.0
5.0
3.0
9.0
4.0
110.0
17.0
8.0
27.0
1.0
6.0
2.0
1.0
2.0
84.0
20.0
61.0
7.0
2.0
7.0
5.0
1.0
1.0
3.0
189.0
3.0
2.0
2.0
7.0
2.0
4.0
2.0
13.0
23.0
1.0
6.0
72.0
51.0
212.0
6.0
237.0
115.0
5.0
95.0
1.0
4.0
1.0
8.0
47.0
119.0
5.0
15.0
3.0
1.0
3.0
1.0
92.0
9.0
49.0
4.0
1.0
15.0
11.0
27.0
1.0
28.0
6.0
2.0
18.0
1.0
470.0
17.0
7.0
14.0
41.0
6.0
226.0
76.0
2.0
12.0
14.0
1.0
1.0
3.0
1.0
7.0
3.0
2.0
1.0
5.0
2.0
1.0
89.0
131.0
1.0
7.0
9.0
3.0
2.0
6.0
5.0
15.0
2.0
1.0
1.0
2.0
55.0
3.0
1.0
13.0
3.0
2.0
1.0
1.0
1.0
30.0
8.0
15.0
9.0
5.0
1.0
4.0
3.0
4.0
1.0
2.0
49.0
2.0
126.0
35.0
2.0
12.0
2.0
5.0
1.0
1.0
4.0
2.0
4.0
15.0
3.0
4.0
2.0
1.0
3.0
3.0
9.0
1.0
6.0
4.0
2.0
9.0
1.0
1.0
1.0
3.0
1.0
3.0
4.0
1.0
7.0
5.0
5.0
162.0
80.0
13.0
42.0
9.0
12.0
1.0
1.0
2.0
123.0
3.0
60.0
55.0
443.0
29.0
1.0
2.0
8.0
39.0
2.0
3.0
159.0
1.0
2.0
4.0
3.0
5.0
4.0
5.0
2.0
5.0
93.0
81.0
1.0
1.0
60.0
2.0
6.0
6.0
2.0
7.0
2.0
8.0
6.0
1.0
196.0
104.0
2.0
1.0
31.0
2.0
2.0
4.0
3.0
3.0
1.0
10.0
5.0
1.0
1.0
26.0
6.0
2.0
13.0
4.0
1.0
7.0
4.0
1.0
17.0
1.0
3.0
3.0
10.0
3.0
16.0
1.0
1.0
1.0
2.0
3.0
2.0
2.0
4.0
356.0
2.0
1.0
2.0
6.0
1.0
24.0
1.0
23.0
2.0
1.0
2.0
1.0
2.0
6.0
22.0
7.0
1.0
1.0
1.0
115.0
21.0
75.0
5.0
28.0
6.0
4.0
1.0
2.0
2.0
18.0
37.0
794.0
10.0
6.0
1.0
7.0
1.0
52.0
28.0
1.0
14.0
33.0
1.0
11.0
2.0
14.0
18.0
2.0
1.0
1.0
1.0
3.0
1.0
3.0
2.0
11.0
20.0
1.0
5.0
9.0
11.0
3.0
59.0
60.0
12.0
1.0
364.0
14.0
42.0
52.0
7.0
1.0
7.0
14.0
1.0
2.0
1.0
6.0
11.0
6.0
1.0
1.0
2.0
2.0
2.0
2.0
1.0
3.0
5.0
1.0
5.0
1.0
12.0
106.0
33.0
2.0
1.0
87.0
6.0
13.0
84.0
22.0
4.0
167.0
60.0
11.0
32.0
2.0
9.0
2.0
3.0
27.0
12.0
1.0
16.0
1.0
1.0
3.0
5.0
1.0
1.0
1.0
6.0
265.0
2.0
2.0
3.0
24.0
1.0
3.0
2.0
5.0
4.0
2.0
1.0
27.0
1.0
2.0
1.0
11.0
6.0
11.0
1.0
5.0
2.0
1.0
57.0
3.0
6.0
1.0
159.0
22.0
1.0
5.0
19.0
1.0
2.0
5.0
1.0
3.0
1.0
2.0
1.0
5.0
6.0
3.0
2.0
1.0
1.0
43.0
15.0
4.0
8.0
1.0
2.0
56.0
5.0
1.0
3.0
6.0
2.0
25.0
1.0
7.0
1.0
1.0
1.0
13.0
95.0
1.0
16.0
9.0
27.0
1.0
1.0
2.0
2.0
1.0
7.0
2.0
2.0
11.0
1.0
2.0
1.0
30.0
18.0
2.0
1.0
22.0
1.0
5.0
10.0
23.0
18.0
29.0
34.0
12.0
1.0
1.0
12.0
85.0
4.0
2.0
752.0
87.0
10.0
1.0
2.0
997.0
8.0
19.0
8.0
2.0
4.0
23.0
23.0
8.0
5.0
7.0
3.0
6.0
1.0
19.0
8.0
4.0
31.0
34.0
4.0
2.0
10.0
3.0
2.0
9.0
3.0
1.0
34.0
30.0
17.0
4.0
8.0
2.0
6.0
1.0
1.0
2.0
2.0
27.0
1.0
112.0
12.0
20.0
51.0
25.0
10.0
36.0
1.0
32.0
3.0
38.0
8.0
2.0
42.0
83.0
4.0
30.0
4.0
2.0
4.0
9.0
5.0
9.0
3.0
46.0
3.0
1.0
51.0
3.0
62.0
1.0
11.0
16.0
2.0
1.0
1.0
2.0
1.0
1.0
2.0
2.0
1.0
1.0
1.0
2.0
218.0
16.0
11.0
19.0
41.0
11.0
1.0
1.0
1.0
40.0
5.0
1.0
2.0
23.0
2.0
2.0
1.0
1.0
6.0
5.0
2.0
93.0
16.0
247.0
1.0
49.0
9.0
1.0
12.0
2.0
6.0
1.0
3.0
60.0
6.0
1.0
29.0
6.0
4.0
14.0
20.0
11.0
14.0
25.0
21.0
11.0
248.0
174.0
91.0
74.0
171.0
24.0
4.0
1.0
15.0
479.0
2.0
3.0
2.0
11.0
15.0
7.0
247.0
53.0
9.0
3.0
4.0
13.0
130.0
5.0
2.0
19.0
111.0
4.0
9.0
2.0
1.0
1.0
13.0
14.0
11.0
5.0
11.0
42.0
1.0
182.0
43.0
17.0
9.0
1.0
24.0
26.0
2.0
33.0
10.0
54.0
12.0
36.0
6.0
18.0
89.0
57.0
7.0
98.0
66.0
2.0
1.0
208.0
20.0
2.0
3.0
31.0
34.0
3.0
53.0
35.0
19.0
19.0
2.0
6.0
18.0
40.0
45.0
1.0
14.0
4.0
21.0
11.0
4.0
2.0
1.0
1.0
4.0
1.0
16.0
1.0
2.0
1.0
2.0
5.0
1172.0
26.0
223.0
29.0
41.0
1.0
3.0
3.0
6.0
31.0
3.0
13.0
5.0
15.0
5.0
1.0
2.0
3.0
17.0
4.0
22.0
5.0
1.0
11.0
226.0
2.0
19.0
177.0
1.0
1.0
3.0
737.0
4.0
1.0
5.0
1.0
19.0
1.0
11.0
17.0
54.0
65.0
16.0
14.0
1.0
1.0
2.0
1.0
1.0
68.0
6.0
2.0
23.0
37.0
1.0
21.0
22.0
1.0
24.0
18.0
29.0
77.0
1.0
3.0
11.0
15.0
5.0
3.0
14.0
2.0
1.0
12.0
6.0
8.0
4.0
1.0
1.0
1.0
2.0
4.0
1.0
2.0
12.0
1.0
2.0
1.0
11.0
10.0
14.0
15.0
87.0
67.0
9.0
1.0
1.0
1.0
1.0
3.0
3.0
8.0
5.0
6.0
6.0
7.0
1.0
24.0
4.0
33.0
8.0
5.0
2.0
8.0
3.0
22.0
6.0
60.0
12.0
5.0
16.0
4.0
8.0
3.0
1.0
6.0
1.0
7.0
36.0
37.0
24.0
57.0
1.0
19.0
9.0
73.0
29.0
1.0
4.0
3.0
2.0
29.0
13.0
42.0
2.0
8.0
37.0
1.0
3.0
322.0
32.0
1.0
5.0
27.0
4.0
2.0
15.0
1.0
3.0
1.0
2.0
1.0
24.0
63.0
17.0
43.0
23.0
17.0
5.0
21.0
16.0
3.0
26.0
2.0
28.0
13.0
2.0
49.0
1.0
20.0
7.0
18.0
2.0
1.0
40.0
3.0
1.0
14.0
10.0
2.0
3.0
71.0
1.0
2.0
1.0
11.0
1.0
3.0
2.0
4.0
4.0
1.0
2.0
18.0
10.0
16.0
8.0
19.0
11.0
1.0
1.0
2.0
11.0
87.0
113.0
1.0
57.0
45.0
29.0
2.0
1.0
45.0
18.0
4.0
1.0
1.0
1.0
4.0
10.0
2.0
1.0
18.0
1.0
2.0
2.0
550.0
3.0
1.0
29.0
5.0
39.0
6.0
3.0
8.0
166.0
6.0
4.0
4.0
9.0
9.0
2.0
2.0
1.0
56.0
1.0
1.0
2.0
18.0
3.0
13.0
1.0
522.0
3.0
1.0
192.0
1.0
40.0
62.0
16.0
1.0
55.0
1.0
1.0
4.0
22.0
34.0
2.0
17.0
1.0
1.0
305.0
1.0
3.0
3.0
4.0
65.0
1.0
1.0
1.0
52.0
4.0
9.0
84.0
76.0
9.0
6.0
8.0
87.0
2.0
4.0
3.0
13.0
1.0
107.0
1.0
4.0
8.0
27.0
27.0
1.0
29.0
1.0
1.0
2.0
1.0
2.0
2.0
1.0
2.0
4.0
4.0
12.0
5.0
3.0
42.0
2.0
8.0
5.0
90.0
47.0
2.0
4.0
12.0
2.0
1.0
101.0
142.0
1.0
7.0
45.0
3.0
5.0
65.0
1.0
5.0
2.0
1.0
1.0
3.0
8.0
1.0
1.0
14.0
1.0
1.0
6.0
7.0
396.0
3.0
34.0
57.0
5.0
4.0
663.0
13.0
120.0
16.0
102.0
10.0
24.0
76.0
10.0
1.0
84.0
3.0
2.0
3.0
9.0
1.0
105.0
65.0
1.0
3.0
29.0
150.0
2.0
63.0
23.0
2.0
92.0
4.0
18.0
13.0
1.0
2.0
7.0
3.0
9.0
1.0
24.0
2.0
2.0
2.0
1.0
1.0
25.0
78.0
3.0
1.0
5.0
1.0
1.0
9.0
4.0
1.0
2.0
132.0
33.0
26.0
27.0
1.0
7.0
3.0
6.0
1.0
5.0
1.0
7.0
3.0
9.0
11.0
1.0
5.0
61.0
17.0
99.0
1.0
92.0
18.0
1.0
6.0
18.0
94.0
6.0
4.0
4.0
17.0
68.0
1.0
5.0
1.0
3.0
49.0
2.0
20.0
1.0
2.0
1.0
5.0
32.0
80.0
6.0
2.0
54.0
1.0
114.0
1.0
1.0
5.0
1.0
7.0
246.0
5.0
21.0
4.0
8.0
3.0
5.0
1.0
5.0
18.0
4.0
1.0
1.0
2.0
9.0
7.0
1.0
1.0
2.0
1.0
2.0
2.0
1.0
29.0
1.0
17.0
3.0
2.0
1.0
2.0
11.0
963.0
37.0
146.0
2.0
15.0
22.0
4.0
41.0
6.0
201.0
1.0
3.0
30.0
3.0
1.0
69.0
23.0
3.0
1.0
1.0
3.0
37.0
8.0
2.0
3.0
1.0
2.0
1.0
268.0
120.0
3.0
2.0
3.0
1.0
9.0
1.0
17.0
30.0
1.0
2.0
2.0
31.0
1.0
25.0
36.0
2.0
1.0
75.0
3.0
7.0
20.0
1.0
210.0
1.0
3.0
3.0
2.0
35.0
5.0
1.0
1.0
2.0
323.0
21.0
123.0
1.0
2.0
10.0
1.0
18.0
4.0
5.0
1.0
1.0
8.0
1.0
784.0
77.0
3.0
2.0
29.0
5.0
2.0
3.0
5.0
1.0
180.0
49.0
2.0
1.0
18.0
4.0
2.0
24.0
1.0
43.0
1.0
1.0
1.0
25.0
8.0
9.0
2.0
89.0
12.0
1.0
3.0
2.0
4.0
1.0
5.0
1.0
5.0
2.0
6.0
1.0
2.0
56.0
6.0
41.0
1.0
1.0
1.0
1.0
13.0
22.0
1.0
13.0
1.0
75.0
20.0
3.0
7.0
3852.0
1.0
114.0
11.0
256.0
27.0
4.0
9.0
5.0
2.0
1.0
1.0
6.0
4.0
1.0
1.0
3.0
3.0
2.0
14.0
1.0
1.0
12.0
10.0
1.0
3.0
1.0
1.0
6.0
2.0
7.0
1.0
1.0
1.0
1.0
1.0
6.0
11.0
1.0
1.0
4.0
4.0
7.0
6.0
2.0
12.0
1.0
1.0
1.0
1.0
18.0
3.0
20.0
12.0
10.0
2.0
1.0
404.0
4.0
1.0
160.0
263.0
1.0
104.0
45.0
167.0
11.0
1.0
2.0
2.0
4.0
253.0
2.0
1.0
1.0
1.0
1.0
7.0
4.0
1.0
5.0
5.0
2.0
102.0
3.0
3.0
1.0
11.0
5.0
1.0
2.0
2.0
45.0
13.0
5.0
6.0
4.0
23.0
1.0
4.0
1.0
2.0
39.0
2.0
6.0
25.0
4.0
35.0
2.0
4.0
5.0
153.0
3.0
8.0
1.0
68.0
5.0
9.0
5.0
1.0
19.0
1.0
1.0
1.0
79.0
6.0
18.0
157.0
5.0
2.0
7.0
4.0
3.0
21.0
1.0
2.0
10.0
20.0
2.0
1.0
755.0
7.0
35.0
2.0
2.0
1.0
2.0
2.0
115.0
3.0
1.0
1.0
1263.0
19.0
13.0
16.0
1.0
574.0
64.0
4.0
9.0
5.0
1.0
1.0
182.0
11.0
9.0
15.0
3.0
1.0
1.0
92.0
1.0
3.0
2.0
1.0
123.0
6.0
28.0
210.0
34.0
30.0
1.0
2.0
2.0
7.0
2.0
7.0
3.0
1.0
497.0
1.0
3.0
1.0
3.0
23.0
111.0
8.0
1.0
58.0
4.0
1.0
83.0
50.0
22.0
4.0
1.0
51.0
12.0
1.0
6.0
3.0
28.0
54.0
3.0
19.0
4.0
58.0
4.0
3.0
353.0
109.0
37.0
92.0
138.0
1.0
178.0
52.0
15.0
4.0
48.0
42.0
37.0
1.0
1.0
320.0
4.0
84.0
3.0
17.0
1.0
974.0
40.0
264.0
1.0
78.0
6.0
1.0
19.0
7.0
137.0
1.0
1.0
128.0
21.0
2.0
2.0
1.0
574.0
6.0
2.0
1.0
1.0
10.0
10.0
9.0
97.0
7.0
212.0
1.0
17.0
11.0
22.0
62.0
1.0
36.0
7.0
6.0
4.0
1.0
5.0
2.0
5.0
5.0
51.0
14.0
5.0
11.0
5.0
60.0
6.0
2.0
1.0
5.0
1.0
3.0
1.0
7.0
3.0
3.0
6.0
1.0
6.0
25.0
1.0
4.0
23.0
2.0
1.0
105.0
1.0
17.0
4.0
2.0
5.0
1.0
26.0
2.0
1.0
1.0
41.0
13.0
17.0
1.0
2.0
1.0
2.0
1.0
1.0
10.0
7.0
1.0
25.0
1.0
3.0
33.0
78.0
18.0
1.0
3.0
181.0
5.0
1.0
12.0
58.0
4.0
3.0
2.0
3.0
1.0
487.0
2.0
18.0
5.0
3.0
1.0
6.0
1.0
64.0
1.0
8.0
11.0
3.0
30.0
12.0
2.0
37.0
15.0
4.0
40.0
1.0
2.0
77.0
11.0
8.0
19.0
1.0
60.0
16.0
1.0
52.0
1.0
7.0
221.0
1.0
2.0
1.0
26.0
146.0
2.0
1.0
1.0
14.0
1.0
15.0
3.0
67.0
11.0
2.0
3.0
664.0
1.0
1.0
2.0
5.0
1.0
7.0
17.0
40.0
88.0
6.0
10.0
1.0
1.0
442.0
3.0
1.0
1.0
11.0
2.0
32.0
4.0
24.0
18.0
1.0
26.0
2.0
8.0
115.0
14.0
362.0
3.0
2.0
32.0
13.0
1.0
2.0
2.0
1.0
1.0
11.0
1.0
1.0
1.0
1.0
240.0
48.0
262.0
6.0
48.0
1.0
5.0
1.0
16.0
1.0
2.0
36.0
6.0
16.0
10.0
2.0
1.0
908.0
2.0
49.0
6.0
2.0
5.0
2.0
18.0
8.0
39.0
1.0
3.0
1.0
2.0
4.0
1.0
2.0
19.0
119.0
6.0
1.0
5.0
1.0
4.0
66.0
17.0
24.0
3.0
1.0
1.0
5.0
45.0
9.0
2.0
12.0
665.0
132.0
2.0
46.0
5.0
51.0
1.0
19.0
2.0
12.0
40.0
1.0
11.0
2.0
42.0
4.0
4.0
104.0
10.0
1.0
1.0
1.0
1.0
2.0
10.0
8.0
7.0
1099.0
1.0
1.0
1.0
435.0
1.0
30.0
28.0
9.0
5.0
2.0
173.0
2.0
2.0
3.0
1.0
15.0
11.0
255.0
1.0
6.0
44.0
34.0
4.0
1.0
16.0
3.0
3.0
26.0
4.0
7.0
4.0
538.0
10.0
10.0
9.0
23.0
122.0
9.0
155.0
1.0
1.0
121.0
3.0
7.0
26.0
1.0
2.0
6.0
1.0
7.0
3.0
1.0
1.0
6.0
1.0
2.0
1.0
63.0
2.0
3.0
4.0
8.0
180.0
103.0
25.0
1.0
1.0
5.0
5.0
3.0
37.0
1.0
3.0
1.0
41.0
28.0
2.0
1.0
1020.0
1.0
3.0
3.0
51.0
279.0
8.0
2.0
1.0
10.0
1.0
1.0
4.0
2.0
1571.0
2.0
942.0
1.0
9.0
1.0
2.0
5.0
1.0
92.0
1.0
4.0
1.0
2.0
61.0
11.0
12.0
1.0
1.0
1.0
1.0
2.0
56.0
1.0
1.0
3.0
8.0
1.0
4.0
219.0
23.0
200.0
5.0
313.0
1200.0
3.0
11.0
6.0
20.0
1.0
60.0
17.0
2.0
5.0
96.0
26.0
11.0
7.0
25.0
1.0
1.0
1.0
401.0
3.0
21.0
19.0
48.0
1.0
18.0
5.0
16.0
2.0
1.0
1.0
14.0
290.0
1.0
7.0
12.0
7.0
14.0
10.0
3.0
8.0
19.0
2.0
13.0
28.0
3.0
13.0
10.0
3.0
5.0
15.0
10.0
4.0
230.0
17.0
95.0
3.0
3.0
1.0
8.0
1.0
6.0
7.0
1.0
16.0
4.0
1.0
1.0
3.0
4.0
1.0
1.0
2.0
2.0
6.0
11.0
1.0
2.0
6.0
2.0
79.0
34.0
38.0
2.0
4.0
1.0
48.0
2.0
1.0
1.0
1.0
1.0
2.0
1.0
4.0
4.0
1.0
19.0
2.0
7.0
1.0
1.0
1.0
5.0
4.0
4.0
2.0
36.0
4.0
16.0
1.0
57.0
4.0
2.0
1.0
7.0
3.0
5.0
6.0
3.0
1.0
757.0
9.0
8.0
5.0
214.0
5.0
567.0
1.0
1.0
1.0
1.0
5.0
1.0
1.0
35.0
618.0
10.0
1.0
11.0
123.0
13.0
1.0
1.0
4.0
1.0
1.0
19.0
1.0
1.0
1.0
1.0
1.0
1.0
49.0
1.0
17.0
1.0
2.0
1.0
1.0
13.0
1.0
12.0
6.0
2.0
6.0
2.0
2.0
68.0
221.0
26.0
2.0
64.0
2.0
8.0
4.0
2.0
11.0
14.0
32.0
2.0
4.0
1.0
2.0
10.0
2.0
2.0
2.0
4.0
8.0
38.0
1.0
11.0
1.0
23.0
3.0
2.0
19.0
547.0
17.0
15.0
126.0
4.0
3.0
285.0
10.0
22.0
3.0
1.0
95.0
3.0
26.0
172.0
12.0
55.0
1.0
1.0
5.0
441.0
143.0
3.0
1457.0
2.0
1.0
46.0
7.0
477.0
1.0
4.0
6.0
2.0
1.0
1.0
10.0
2.0
1.0
116.0
1.0
1.0
1.0
1.0
14.0
1.0
3.0
1.0
2.0
1.0
1.0
3.0
3.0
27.0
1.0
1.0
4.0
1.0
10.0
1.0
1.0
1.0
5.0
5.0
2.0
3.0
1.0
2.0
668.0
6.0
188.0
3.0
126.0
259.0
4.0
17.0
1.0
1.0
30.0
13.0
2.0
1.0
1.0
4.0
23.0
1.0
2.0
13.0
1.0
36.0
2.0
5.0
1.0
3.0
1.0
1.0
17.0
11.0
1.0
7.0
47.0
45.0
2.0
11.0
21.0
1.0
21.0
3.0
4.0
86.0
1.0
2.0
1.0
7.0
2.0
5.0
1.0
10.0
10.0
1.0
1.0
8.0
289.0
32.0
69.0
155.0
47.0
1.0
1.0
4.0
1.0
1.0
144.0
30.0
3.0
69.0
100.0
2.0
1.0
8.0
67.0
2.0
125.0
1.0
12.0
1.0
2.0
42.0
21.0
1.0
11.0
7.0
2.0
21.0
1.0
36.0
22.0
6.0
3.0
3.0
1.0
3.0
646.0
6.0
13.0
266.0
1.0
94.0
7.0
8.0
2.0
1.0
25.0
1.0
1.0
1.0
2.0
3.0
1.0
7.0
1.0
33.0
15.0
7.0
11.0
2.0
3.0
42.0
2.0
8.0
15.0
124.0
1.0
8.0
4.0
4.0
10.0
6.0
1.0
10.0
76.0
46.0
2.0
4.0
1.0
56.0
9.0
5.0
3.0
3.0
179.0
1.0
35.0
14.0
16.0
1.0
3.0
74.0
11.0
1.0
3.0
118.0
10.0
5.0
1.0
1.0
1.0
6.0
3.0
28.0
155.0
1.0
2.0
11.0
6.0
213.0
5.0
2.0
5.0
2.0
2.0
117.0
41.0
9.0
3.0
58.0
1.0
11.0
1.0
32.0
86.0
466.0
160.0
1.0
1.0
12.0
10.0
1.0
6.0
2.0
1.0
1.0
1.0
1.0
1.0
3.0
2.0
1.0
2.0
116.0
1.0
18.0
1.0
2.0
3.0
1.0
15.0
141.0
6.0
1610.0
4.0
19.0
746.0
4.0
1.0
2.0
3.0
10.0
9.0
4.0
1.0
142.0
6.0
49.0
1.0
11.0
2.0
1.0
1.0
5.0
1.0
1.0
4.0
3.0
1.0
4.0
109.0
1.0
7.0
2.0
5.0
26.0
1.0
1261.0
128.0
21.0
2.0
2.0
24.0
21.0
1.0
3.0
14.0
1.0
190.0
68.0
29.0
36.0
2.0
73.0
72.0
11.0
131.0
1.0
1.0
1.0
1.0
39.0
5.0
1.0
10.0
2.0
1.0
1.0
2.0
2.0
32.0
4.0
1.0
3.0
266.0
4.0
7.0
2.0
51.0
212.0
3.0
3.0
21.0
4.0
2.0
3.0
2.0
222.0
1.0
3.0
9.0
3.0
1.0
205.0
83.0
140.0
2.0
1.0
27.0
2.0
2.0
4.0
1.0
1.0
1.0
3.0
2.0
2.0
5.0
5.0
1.0
4.0
36.0
1.0
1.0
12.0
22.0
2.0
2.0
21.0
2.0
2.0
1.0
9.0
299.0
34.0
16.0
9.0
10.0
2.0
6.0
19.0
2.0
8.0
488.0
6.0
23.0
7.0
1.0
2.0
2.0
1.0
1.0
2.0
4.0
1.0
5.0
2.0
1.0
1.0
3.0
1.0
50.0
1.0
11.0
12.0
575.0
4.0
100.0
7.0
3.0
37.0
11.0
1.0
1.0
17.0
2.0
1.0
1.0
2.0
48.0
11.0
32.0
4.0
153.0
13.0
7.0
10.0
10.0
45.0
1.0
1.0
3.0
1.0
2.0
2.0
7.0
2.0
1.0
2.0
16.0
3.0
3.0
7.0
2.0
84.0
381.0
1.0
5.0
11.0
1.0
3.0
1.0
17.0
15.0
2.0
9.0
2.0
5.0
98.0
8.0
3.0
8.0
1.0
4.0
2.0
15.0
1.0
8.0
1.0
2.0
1.0
1.0
10.0
5.0
1.0
3.0
2.0
3.0
80.0
4.0
4.0
12.0
309.0
2.0
2.0
4.0
4.0
47.0
9.0
2.0
27.0
2.0
13.0
1.0
6.0
10.0
38.0
5.0
10.0
40.0
8.0
141.0
67.0
16.0
1.0
3.0
3.0
569.0
4.0
66.0
1.0
3.0
16.0
50.0
3.0
3.0
4.0
2.0
16.0
1.0
1.0
1.0
1.0
3.0
28.0
1.0
6.0
3.0
2.0
1.0
1.0
1.0
1.0
2.0
21.0
1.0
2.0
20.0
15.0
5.0
4.0
10.0
3.0
1.0
1.0
42.0
49.0
1.0
3.0
2.0
1.0
1.0
2.0
1.0
4.0
1.0
1.0
1.0
1.0
1.0
176.0
1.0
1.0
2.0
2.0
24.0
7.0
16.0
1.0
8.0
4.0
5.0
17.0
3.0
4.0
31.0
33.0
5.0
3.0
500.0
13.0
3.0
14.0
2.0
1.0
3.0
33.0
14.0
284.0
78.0
1.0
4.0
4.0
5.0
148.0
4.0
3.0
25.0
2.0
6.0
24.0
9.0
82.0
8.0
6.0
1.0
245.0
1.0
5.0
9.0
1.0
1.0
1.0
3.0
3.0
40.0
2.0
12.0
3.0
53.0
2.0
1.0
563.0
1.0
2.0
2.0
7.0
512.0
10.0
24.0
2.0
4.0
1.0
1.0
13.0
6.0
1.0
3.0
1.0
69.0
2.0
4.0
5.0
2.0
36.0
93.0
26.0
1.0
5.0
5.0
20.0
1.0
9.0
1.0
16.0
9.0
73.0
151.0
76.0
1.0
1.0
8.0
19.0
342.0
1.0
27.0
43.0
3.0
5.0
1.0
1.0
117.0
2.0
2.0
1.0
1.0
1.0
5.0
4.0
1.0
1.0
4.0
1.0
19.0
5.0
1.0
7.0
2.0
1.0
1.0
13.0
4.0
21.0
4.0
3.0
1.0
3.0
14.0
2.0
1.0
2.0
15.0
11.0
6.0
3.0
4.0
23.0
3.0
3.0
2.0
7.0
1.0
12.0
2.0
1.0
1.0
4.0
1.0
4.0
1.0
14.0
8.0
367.0
33.0
193.0
7.0
6.0
2.0
9.0
1.0
2.0
9.0
1.0
3.0
9.0
191.0
8.0
1.0
4.0
1.0
2.0
1.0
27.0
20.0
14.0
72.0
56.0
11.0
2.0
2.0
7.0
1.0
1.0
1.0
18.0
4.0
2.0
2.0
119.0
1.0
17.0
26.0
19.0
13.0
36.0
30.0
6.0
58.0
25.0
6.0
1.0
19.0
29.0
10.0
2.0
1.0
10.0
2.0
2.0
1.0
23.0
3.0
2.0
359.0
482.0
5.0
26.0
7.0
17.0
193.0
43.0
18.0
4.0
13.0
123.0
1.0
8.0
19.0
5.0
1.0
47.0
10.0
145.0
21.0
12.0
15.0
80.0
3.0
15.0
4.0
2.0
3.0
3.0
34.0
1.0
4.0
2.0
12.0
3.0
3.0
33.0
26.0
1.0
10.0
17.0
39.0
2.0
2.0
1.0
2.0
3.0
24.0
1.0
131.0
8.0
4.0
11.0
4.0
49.0
2.0
2.0
2.0
1.0
57.0
4.0
4.0
554.0
1.0
4.0
5.0
1.0
1.0
4.0
4.0
400.0
32.0
5.0
15.0
29.0
4.0
23.0
1.0
5.0
1.0
5.0
1.0
1.0
17.0
1.0
1.0
9.0
1.0
1.0
22.0
1.0
3.0
10.0
6.0
2.0
3.0
2.0
3.0
11.0
564.0
55.0
64.0
1.0
3.0
3.0
1.0
16.0
1.0
174.0
1.0
1.0
30.0
1.0
12.0
4.0
206.0
3.0
1.0
147.0
22.0
2.0
7.0
1.0
3.0
3.0
3.0
38.0
1.0
5.0
14.0
2.0
127.0
1.0
1.0
46.0
2.0
16.0
6.0
5.0
4.0
59.0
6.0
3.0
5.0
10.0
12.0
7.0
3.0
1.0
4.0
6.0
22.0
4.0
1.0
7.0
5.0
2.0
16.0
2.0
4.0
163.0
2.0
9.0
2.0
6.0
112.0
2.0
134.0
1.0
1.0
88.0
28.0
48.0
2.0
31.0
146.0
2.0
220.0
15.0
28.0
3.0
9.0
1.0
2.0
1.0
26.0
5.0
1.0
6.0
134.0
68.0
1.0
1.0
27.0
1.0
178.0
2.0
1.0
1.0
82.0
3.0
4.0
578.0
2.0
81.0
2.0
96.0
14.0
14.0
1.0
1.0
1.0
6.0
21.0
19.0
74.0
255.0
28.0
1.0
9.0
61.0
4.0
11.0
1.0
69.0
4.0
41.0
10.0
1.0
7.0
1.0
4.0
11.0
16.0
1.0
2.0
2.0
1.0
6.0
2.0
2.0
1.0
17.0
1.0
11.0
1.0
1.0
1.0
9.0
1.0
3.0
1.0
12.0
1.0
10.0
1.0
1.0
1.0
1.0
4.0
2.0
40.0
2.0
171.0
1.0
10.0
6.0
1.0
9.0
18.0
3.0
5.0
1.0
8.0
1.0
1.0
1.0
7.0
2.0
8.0
9.0
1.0
13.0
5.0
5.0
2.0
1.0
103.0
17.0
4.0
3.0
1.0
4.0
43.0
54.0
70.0
1.0
5.0
1.0
5.0
31.0
3.0
9.0
1.0
98.0
8.0
8.0
1.0
74.0
1.0
2.0
64.0
4.0
7.0
2.0
3.0
5.0
11.0
10.0
3.0
1.0
1.0
2.0
4.0
2.0
1.0
82.0
17.0
3.0
22.0
32.0
11.0
1.0
1.0
1.0
1.0
1.0
1.0
1.0
9.0
3.0
1.0
1.0
5.0
2.0
10.0
1.0
2.0
1.0
2.0
50.0
3.0
10.0
4.0
2.0
1.0
46.0
2.0
3.0
13.0
345.0
9.0
4.0
1.0
1.0
3.0
7.0
1.0
1.0
10.0
1.0
2.0
41.0
28.0
1.0
791.0
47.0
5.0
1.0
1.0
10.0
3.0
7.0
22.0
1.0
1.0
9.0
3.0
3.0
1.0
1.0
1.0
1.0
6.0
1.0
1.0
1.0
1.0
2.0
2.0
1.0
6.0
1.0
49.0
1.0
2.0
5.0
2.0
1.0
257.0
10.0
1.0
1.0
5.0
10.0
1.0
4.0
56.0
2.0
134.0
379.0
4.0
5.0
1.0
2.0
1.0
2.0
9.0
1.0
13.0
40.0
7.0
1.0
1.0
190.0
1.0
1.0
6.0
3.0
68.0
198.0
2.0
1.0
1.0
9.0
2.0
3.0
1.0
28.0
5.0
21.0
2.0
52.0
5.0
3.0
5.0
26.0
4.0
13.0
72.0
10.0
18.0
331.0
53.0
137.0
3.0
70.0
8.0
1.0
1.0
10.0
1.0
5.0
1.0
97.0
223.0
271.0
6.0
28.0
35.0
5.0
2.0
2297.0
28.0
6.0
1.0
5.0
3.0
91.0
1.0
2.0
23.0
5.0
4.0
17.0
1.0
2.0
39.0
20.0
2.0
2.0
2.0
66.0
27.0
8.0
2.0
199.0
69.0
1.0
1.0
3.0
1.0
1.0
12.0
2.0
3.0
1.0
1.0
13.0
7.0
1.0
2.0
38.0
3.0
3.0
12.0
2.0
416.0
1.0
49.0
5.0
1.0
4.0
1.0
2.0
347.0
3.0
18.0
1.0
1.0
3.0
1.0
2.0
1.0
1.0
1.0
5.0
3.0
14.0
6.0
1.0
19.0
2.0
1.0
4.0
1.0
6.0
2.0
2.0
4.0
3.0
1.0
1.0
5.0
43.0
9.0
4.0
17.0
2.0
14.0
1.0
2.0
2.0
2067.0
8.0
32.0
5.0
4.0
2.0
9.0
7.0
27.0
19.0
2.0
467.0
2.0
1.0
46.0
62.0
1.0
1.0
8.0
1.0
21.0
5.0
745.0
5.0
3.0
23.0
4.0
1.0
2.0
38.0
23.0
4.0
4.0
3.0
4.0
492.0
45.0
1.0
3.0
9.0
30.0
85.0
6.0
1.0
1.0
1.0
24.0
8.0
1.0
19.0
12.0
25.0
1.0
1.0
5.0
1.0
1.0
416.0
1.0
8.0
1.0
1.0
17.0
1.0
1.0
2.0
15.0
3.0
3.0
1.0
5.0
8.0
2.0
1.0
5.0
1.0
2.0
3.0
50.0
1.0
5.0
5.0
28.0
20.0
3.0
1.0
2.0
1.0
1.0
48.0
5.0
1.0
2.0
2.0
1.0
1.0
18.0
4.0
24.0
91.0
2.0
18.0
2.0
5.0
5.0
2.0
2.0
5.0
1.0
1.0
2.0
7.0
8.0
5.0
18.0
146.0
1.0
7.0
42.0
14.0
7.0
4.0
150.0
51.0
3.0
4.0
6.0
32.0
10.0
13.0
10.0
1.0
7.0
75.0
1.0
6.0
1.0
1.0
5.0
1.0
7.0
1.0
1.0
274.0
5.0
1.0
1.0
5.0
1.0
1.0
4.0
6.0
1.0
32.0
1.0
5.0
2.0
2.0
3.0
3.0
1.0
6.0
2.0
18.0
1.0
3.0
3.0
1.0
1.0
32.0
291.0
7.0
163.0
54.0
1.0
2.0
1.0
25.0
186.0
1.0
4.0
7.0
3.0
1.0
44.0
2.0
5.0
14.0
12.0
34.0
9.0
84.0
7.0
1.0
5.0
2.0
2.0
1.0
2.0
1.0
1.0
15.0
12.0
1.0
6.0
9.0
688.0
24.0
6.0
7.0
783.0
416.0
20.0
13.0
1.0
9.0
29.0
67.0
4.0
2.0
8.0
2.0
19.0
14.0
27.0
1.0
3.0
44.0
23.0
1.0
29.0
62.0
6.0
2.0
5.0
6.0
2.0
11.0
2.0
1.0
1.0
3.0
2.0
1.0
8.0
11.0
11.0
15.0
87.0
13.0
4.0
12.0
4.0
89.0
10.0
3.0
2.0
3.0
6.0
13.0
57.0
9.0
1118.0
4.0
7.0
11.0
18.0
4.0
2.0
1.0
18.0
2.0
14.0
1.0
50.0
3.0
8.0
36.0
13.0
10.0
8.0
4.0
2.0
9.0
22.0
156.0
4.0
9.0
1.0
584.0
16.0
9.0
11.0
1.0
7.0
1.0
43.0
30.0
4.0
2.0
1.0
12.0
11.0
17.0
14.0
3.0
8.0
14.0
24.0
7.0
7.0
2.0
283.0
35.0
7.0
121.0
24.0
10.0
11.0
20.0
6.0
16.0
3.0
3.0
36.0
3.0
11.0
2.0
1.0
125.0
5.0
48.0
106.0
65.0
1.0
10.0
2.0
2.0
1.0
29.0
10.0
1.0
1.0
3.0
8.0
183.0
5.0
2.0
1.0
1.0
252.0
1.0
3.0
52.0
33.0
64.0
1.0
2.0
1.0
6.0
3.0
3.0
12.0
3.0
5.0
12.0
228.0
10.0
30.0
3.0
2.0
4.0
22.0
1.0
1.0
1.0
4.0
9.0
3.0
48.0
12.0
9.0
102.0
5.0
5.0
14.0
1.0
26.0
3.0
4.0
3.0
27.0
1.0
5.0
2.0
3.0
3.0
5.0
2.0
5.0
2.0
2.0
6.0
8.0
32.0
15.0
68.0
59.0
5.0
355.0
49.0
8.0
303.0
107.0
173.0
2.0
35.0
2.0
3.0
31.0
2.0
1.0
1.0
3.0
9.0
473.0
1.0
1.0
1.0
434.0
73.0
36.0
169.0
28.0
3.0
10.0
464.0
1.0
170.0
1.0
40.0
164.0
1.0
3.0
3.0
1.0
3.0
2.0
1.0
7.0
30.0
3.0
1.0
2.0
10.0
10.0
2.0
7.0
13.0
3.0
1.0
4.0
1.0
2.0
1.0
1.0
27.0
1.0
1.0
1.0
8.0
12.0
1.0
2.0
6.0
12.0
33.0
8.0
1.0
666.0
6.0
2.0
10.0
4235.0
1.0
4.0
4.0
2.0
3.0
7.0
3.0
2.0
1.0
4.0
1.0
2.0
7.0
1.0
4.0
73.0
1.0
11.0
2.0
119.0
3.0
2.0
3.0
3.0
4.0
1.0
3.0
2.0
21.0
2.0
6.0
12.0
5.0
17.0
431.0
16.0
87.0
11.0
1.0
3.0
1.0
2.0
182.0
239.0
34.0
1.0
7.0
64.0
1.0
4.0
955.0
4.0
2.0
34.0
2.0
1.0
1.0
113.0
1.0
136.0
69.0
30.0
9.0
6.0
2.0
3.0
16.0
22.0
20.0
44.0
3.0
16.0
9.0
1.0
2.0
3.0
7.0
12.0
2.0
14.0
32.0
10.0
324.0
51.0
5.0
1.0
3.0
17.0
37.0
18.0
2.0
43.0
1.0
1.0
2.0
3.0
227.0
83.0
36.0
2.0
1.0
1.0
4.0
38.0
4.0
5.0
654.0
36.0
1.0
4.0
5.0
48.0
1.0
4.0
1.0
5.0
21.0
2.0
1.0
24.0
19.0
14.0
3.0
37.0
235.0
9.0
52.0
9.0
3.0
63.0
6.0
1.0
1.0
2.0
59.0
2.0
2.0
92.0
453.0
1.0
99.0
25.0
2.0
8.0
40.0
14.0
12.0
26.0
1.0
5.0
1.0
2.0
5.0
1.0
1.0
7.0
1.0
12.0
1.0
12.0
2.0
7.0
5.0
2.0
14.0
1.0
7.0
2.0
2.0
33.0
10.0
1.0
1.0
2.0
1.0
5.0
1.0
1.0
2.0
2.0
2.0
1.0
2.0
5.0
21.0
303.0
1.0
8.0
1.0
1.0
1.0
2.0
48.0
1.0
14.0
1.0
3.0
70.0
1.0
1.0
4.0
1.0
2.0
1.0
4.0
9.0
1.0
3.0
1.0
34.0
2.0
1.0
11.0
6.0
1.0
1.0
8.0
5.0
11.0
1.0
13.0
1.0
6.0
2.0
5.0
1.0
1.0
20.0
6.0
39.0
1.0
56.0
3.0
13.0
4.0
1.0
2.0
4.0
4.0
2.0
257.0
2.0
7.0
3.0
3.0
2.0
19.0
5.0
3.0
2.0
2.0
1.0
225.0
4.0
2.0
2.0
1.0
9.0
3.0
14.0
6.0
7.0
3.0
4.0
2.0
5.0
1.0
2.0
1.0
2.0
1.0
1.0
2.0
121.0
1.0
1.0
5.0
9.0
2.0
20.0
1.0
1.0
4.0
6.0
15.0
1.0
1.0
2.0
1.0
1.0
1.0
5.0
1.0
1.0
1.0
4.0
1.0
7.0
35.0
11.0
6.0
3.0
2.0
12.0
1.0
19.0
11.0
20.0
5.0
18.0
2.0
20.0
30.0
1.0
19.0
7.0
4.0
3.0
2.0
2.0
10.0
7.0
1.0
3.0
23.0
1.0
7.0
6.0
1.0
3.0
1.0
5.0
4.0
8.0
2.0
4.0
1.0
2.0
5.0
7.0
1.0
2.0
5.0
36.0
1.0
7.0
11.0
2.0
24.0
10.0
38.0
6.0
9.0
12.0
2.0
2.0
1.0
7.0
24.0
1.0
12.0
1036.0
275.0
48.0
8.0
6.0
1.0
44.0
1.0
3.0
6.0
21.0
3.0
1.0
38.0
1.0
12.0
2.0
40.0
535.0
61.0
1.0
28.0
9.0
1.0
59.0
1.0
6.0
5.0
5.0
87.0
320.0
13.0
7.0
64.0
4.0
1.0
2.0
75.0
9.0
10.0
2.0
2.0
19.0
1.0
3.0
1.0
226.0
14.0
12.0
3.0
178.0
1.0
2.0
35.0
9.0
2.0
2.0
1.0
132.0
3.0
2.0
15.0
68.0
2.0
33.0
4.0
2.0
1.0
1.0
17.0
2.0
1.0
2.0
3.0
1.0
4.0
27.0
2.0
2.0
11.0
2.0
1.0
1.0
16.0
51.0
1.0
4.0
1.0
8.0
1.0
4.0
8.0
43.0
1.0
5.0
11.0
2.0
2.0
5.0
3.0
8.0
1.0
2.0
2.0
127.0
1.0
6.0
2.0
36.0
1.0
1.0
1.0
1.0
26.0
1.0
2.0
4.0
1.0
1.0
2.0
2.0
4.0
3.0
1.0
2.0
291.0
16.0
1.0
17.0
1.0
1.0
2.0
2.0
14.0
3.0
3.0
2.0
4.0
2.0
15.0
2.0
13.0
13.0
27.0
17.0
2.0
1.0
2.0
4.0
43.0
1.0
21.0
116.0
6.0
1.0
1.0
4.0
5.0
4.0
77.0
12.0
2.0
13.0
1.0
24.0
12.0
4.0
28.0
1.0
1.0
2.0
13.0
4.0
3.0
2.0
28.0
1.0
98.0
3.0
5.0
1.0
4.0
1.0
1.0
2.0
3.0
3.0
27.0
3.0
39.0
172.0
12.0
1.0
56.0
2.0
3.0
1.0
19.0
2.0
7.0
8.0
3.0
2.0
6.0
14.0
2.0
1.0
1.0
37.0
3.0
4.0
1.0
11.0
5.0
4.0
1.0
8.0
1024.0
3.0
3.0
33.0
38.0
41.0
80.0
19.0
1.0
40.0
366.0
1.0
210.0
10.0
2.0
4.0
34.0
2.0
32.0
81.0
11.0
1.0
153.0
185.0
64.0
40.0
3.0
157.0
2.0
2.0
48.0
5.0
1.0
76.0
5.0
67.0
19.0
26.0
2.0
27.0
2.0
1.0
11.0
31.0
358.0
5.0
19.0
1.0
5.0
1.0
2.0
5.0
1.0
235.0
105.0
1.0
28.0
36.0
8.0
142.0
21.0
1.0
7.0
8.0
2.0
4.0
2.0
2.0
3.0
22.0
12.0
14.0
187.0
2.0
1.0
1.0
1.0
99.0
12.0
3.0
9.0
9.0
3.0
4.0
88.0
3.0
2.0
314.0
1.0
3.0
24.0
9.0
16.0
2.0
1.0
4.0
2.0
3.0
3.0
3.0
574.0
7.0
10.0
3.0
68.0
1.0
27.0
6.0
2.0
50.0
506.0
11.0
104.0
1.0
16.0
3.0
95.0
17.0
10.0
2.0
1.0
1.0
2.0
7.0
2.0
41.0
1.0
1.0
10.0
5.0
6.0
1.0
1.0
4.0
2.0
3.0
18.0
1.0
27.0
1.0
2.0
8.0
7.0
4.0
4.0
5.0
4.0
11.0
3.0
11.0
9.0
9.0
4.0
3.0
24.0
6.0
20.0
7.0
6.0
3.0
1.0
1.0
11.0
4.0
1.0
4.0
1.0
84.0
4.0
2.0
112.0
13.0
3.0
1.0
2.0
10.0
8.0
1.0
70.0
1.0
4.0
6.0
3.0
12.0
1.0
16.0
22.0
32.0
1.0
20.0
2.0
8.0
7.0
1.0
3.0
1.0
5.0
1992.0
5.0
11.0
10.0
4.0
1.0
3.0
29.0
98.0
175.0
2.0
1.0
3.0
28.0
3.0
2.0
2.0
1.0
1.0
4.0
144.0
3.0
2.0
3.0
121.0
1.0
1.0
161.0
336.0
8.0
55.0
4.0
1.0
7.0
2.0
1.0
4.0
9.0
4.0
6.0
1.0
1.0
5.0
265.0
13.0
7.0
35.0
49.0
8.0
11.0
1.0
2.0
2.0
3.0
73.0
22.0
1.0
1.0
1.0
4.0
52.0
61.0
3.0
1.0
2.0
13.0
5.0
9.0
1.0
14.0
5.0
52.0
4.0
11.0
4.0
13.0
5.0
29.0
6.0
565.0
8.0
1.0
1.0
266.0
31.0
6.0
215.0
3.0
31.0
64.0
20.0
5.0
7.0
1.0
20.0
12.0
13.0
5.0
8.0
2.0
5.0
5.0
1.0
2.0
3.0
6.0
6.0
7.0
1.0
1.0
2.0
5.0
5.0
3.0
22.0
6.0
242.0
5.0
2.0
1.0
7.0
1.0
2.0
1.0
12.0
1.0
1.0
17.0
2.0
79.0
3.0
1.0
11.0
2.0
1.0
10.0
8.0
1.0
1.0
4.0
10.0
73.0
16.0
6.0
1.0
80.0
1.0
8.0
2.0
1.0
10.0
70.0
1.0
2.0
1.0
59.0
2.0
3.0
2.0
38.0
4.0
46.0
3.0
2.0
80.0
1.0
3.0
3.0
7.0
1.0
33.0
618.0
1.0
2.0
3.0
4.0
5.0
1.0
2.0
8.0
2.0
5.0
90.0
3.0
2.0
1.0
1.0
7.0
3.0
47.0
3.0
19.0
3.0
67.0
1.0
1.0
5.0
1.0
3.0
1.0
9.0
1.0
1.0
2.0
1.0
4.0
73.0
2.0
9.0
142.0
136.0
40.0
86.0
19.0
2.0
13.0
2.0
1.0
13.0
2.0
2.0
1.0
25.0
4.0
7.0
25.0
1.0
1.0
1.0
6.0
284.0
3.0
2.0
47.0
2.0
1.0
39.0
14.0
6.0
1.0
1.0
302.0
1.0
18.0
206.0
18.0
9.0
1.0
2.0
30.0
4.0
2.0
5.0
7.0
3.0
2.0
1.0
7.0
1.0
16.0
1.0
1.0
25.0
4.0
5.0
1.0
30.0
56.0
4.0
1.0
175.0
2.0
4.0
45.0
14.0
10.0
1.0
2.0
1.0
1.0
41.0
2.0
1.0
4.0
3.0
4.0
1.0
3.0
1.0
3.0
1.0
1.0
37.0
7.0
63.0
13.0
3.0
6.0
5.0
52.0
1.0
68.0
8.0
5.0
16.0
28.0
5.0
86.0
67.0
1.0
79.0
9.0
2.0
7.0
1.0
17.0
1.0
13.0
120.0
2.0
8.0
18.0
6.0
2.0
3.0
153.0
2.0
13.0
1.0
5.0
917.0
28.0
1.0
13.0
1.0
1.0
2.0
20.0
122.0
13.0
6.0
328.0
5.0
96.0
161.0
6.0
59.0
1.0
3.0
1.0
9.0
118.0
3.0
68.0
1.0
1.0
2.0
8.0
14.0
1.0
2.0
94.0
2.0
5.0
89.0
3.0
1.0
2.0
121.0
1.0
3.0
1.0
3.0
10.0
11.0
7.0
2.0
28.0
542.0
1.0
14.0
2.0
334.0
1.0
2.0
1.0
189.0
1.0
4.0
153.0
10.0
5.0
2.0
2.0
1.0
30.0
3.0
1683.0
9.0
17.0
8.0
3.0
1.0
2.0
3.0
103.0
2.0
5.0
4.0
2.0
1.0
9.0
3.0
1.0
1.0
2.0
65.0
12.0
1.0
5.0
7.0
1.0
213.0
11.0
1.0
9.0
1.0
2.0
1.0
1.0
5.0
2.0
6.0
4.0
1.0
1.0
2.0
340.0
2.0
34.0
3.0
21.0
8.0
58.0
2.0
2.0
1.0
6.0
1.0
206.0
10.0
1.0
52.0
1.0
8.0
2.0
2.0
1.0
4.0
8.0
2.0
1.0
1.0
1313.0
108.0
3.0
38.0
1.0
17.0
19.0
9.0
6.0
1.0
5.0
20.0
3.0
8.0
3.0
4.0
2.0
2.0
34.0
1.0
205.0
5.0
143.0
4.0
24.0
3.0
2.0
11.0
7.0
2.0
175.0
28.0
38.0
1.0
51.0
3.0
46.0
1.0
1.0
4.0
15.0
2.0
49.0
1.0
1.0
1.0
1.0
1.0
56.0
5.0
7.0
4.0
2.0
1.0
7.0
1.0
2.0
2.0
2.0
3.0
13.0
3.0
1.0
1.0
1.0
1.0
1.0
8.0
18.0
3.0
1.0
21.0
7.0
4.0
2.0
1.0
3.0
66.0
2.0
220.0
45.0
76.0
12.0
10.0
28.0
1.0
1.0
20.0
1.0
1.0
4.0
157.0
15.0
3.0
1.0
8.0
159.0
2.0
3.0
1.0
2.0
2.0
21.0
1.0
3.0
1.0
1.0
4.0
282.0
1.0
7.0
77.0
1.0
4.0
1.0
6.0
5.0
1.0
86.0
23.0
2.0
9.0
4.0
1.0
7.0
3.0
37.0
5.0
7.0
3.0
10.0
6.0
385.0
10.0
20.0
127.0
13.0
1.0
2.0
4.0
13.0
12.0
176.0
854.0
226.0
1242.0
3.0
12.0
14.0
1.0
1.0
1.0
156.0
7.0
2.0
2.0
444.0
2.0
4.0
1.0
3.0
4.0
78.0
14.0
6.0
3.0
1.0
2.0
41.0
5.0
13.0
1.0
5.0
174.0
34.0
6.0
5.0
2.0
9.0
2.0
1.0
7.0
2.0
3.0
105.0
1.0
3.0
27.0
15.0
3.0
16.0
1.0
18.0
820.0
92.0
8.0
5.0
5.0
16.0
91.0
5.0
34.0
245.0
12.0
26.0
11.0
1.0
4.0
31.0
2.0
8.0
9.0
1.0
2.0
1.0
45.0
14.0
7.0
1.0
2.0
1.0
17.0
5.0
10.0
1.0
1.0
1.0
3.0
2.0
17.0
1.0
19.0
7.0
13.0
4.0
2.0
9.0
1.0
1.0
41.0
68.0
35.0
2.0
12.0
4.0
6.0
8.0
1.0
3.0
1.0
8.0
1.0
3.0
6.0
1.0
70.0
8.0
3.0
85.0
5.0
4.0
9.0
4.0
1.0
4.0
1.0
6.0
6.0
2.0
2.0
2.0
3.0
1.0
1.0
3.0
5.0
1.0
245.0
19.0
68.0
49.0
2.0
4.0
5.0
1.0
1.0
28.0
28.0
1.0
1.0
24.0
2.0
1.0
28.0
14.0
6.0
6.0
2.0
1.0
3.0
7.0
2.0
29.0
34.0
2.0
6.0
1.0
14.0
25.0
118.0
1.0
2.0
3.0
1.0
9.0
1.0
1.0
2.0
36.0
29.0
5.0
60.0
347.0
2.0
49.0
1.0
33.0
1.0
5.0
2.0
44.0
2.0
2.0
9.0
196.0
14.0
5.0
250.0
29.0
165.0
13.0
10.0
3.0
1.0
82.0
47.0
12.0
1.0
2.0
30.0
2.0
7.0
2.0
1.0
1.0
674.0
1.0
13.0
9.0
6.0
1.0
216.0
1.0
6.0
31.0
8.0
19.0
94.0
19.0
629.0
11.0
47.0
5.0
4.0
21.0
25.0
7.0
1.0
1.0
1.0
2.0
93.0
123.0
4.0
64.0
8.0
1.0
51.0
2.0
3.0
1.0
2.0
25.0
2.0
60.0
33.0
3.0
2.0
117.0
226.0
179.0
85.0
9.0
90.0
40.0
17.0
32.0
16.0
6.0
16.0
236.0
1.0
29.0
3.0
6.0
22.0
1.0
55.0
161.0
8.0
8.0
3.0
4.0
38.0
14.0
1010.0
2.0
83.0
2041.0
5.0
2.0
13.0
137.0
47.0
44.0
8.0
350.0
119.0
146.0
21.0
1.0
1.0
7.0
3.0
4.0
1.0
1.0
2.0
5.0
1.0
4.0
1.0
7.0
342.0
6.0
386.0
114.0
24.0
10.0
31.0
2.0
20.0
101.0
1.0
15.0
63.0
1.0
2.0
3.0
1.0
37.0
70.0
1.0
11.0
1.0
5.0
13.0
6.0
2.0
2.0
2.0
5.0
1046.0
4.0
1.0
12.0
134.0
154.0
82.0
15.0
22.0
8.0
42.0
7.0
1.0
1.0
4.0
405.0
2.0
32.0
9.0
1.0
4.0
1.0
2.0
1.0
3.0
6.0
1.0
3.0
11.0
7.0
1.0
3.0
1.0
7.0
2.0
15.0
122.0
71.0
2.0
17.0
9.0
44.0
4.0
11.0
2.0
1.0
30.0
2.0
11.0
2.0
16.0
5.0
5.0
2.0
133.0
2.0
1.0
5.0
27.0
8.0
2.0
5.0
13.0
2.0
1.0
7.0
14.0
1.0
1.0
5.0
146.0
163.0
128.0
11.0
3.0
26.0
2.0
6.0
19.0
25.0
21.0
2.0
7.0
75.0
176.0
3.0
22.0
1.0
26.0
1.0
9.0
85.0
1.0
1.0
4.0
11.0
9.0
3.0
2.0
48.0
5.0
3.0
4.0
1.0
6.0
11.0
8.0
3.0
1.0
218.0
144.0
1.0
2.0
22.0
13.0
2.0
30.0
32.0
11.0
1.0
5.0
1.0
56.0
21.0
28.0
1.0
1.0
1.0
2.0
5.0
40.0
10.0
2.0
289.0
1.0
1.0
2.0
2.0
9.0
2.0
531.0
13.0
17.0
16.0
14.0
4.0
25.0
1.0
1.0
9.0
2.0
6.0
3.0
18.0
2.0
1.0
6.0
2.0
6.0
6.0
4.0
10.0
4.0
2.0
2.0
2.0
5.0
2.0
4.0
1.0
9.0
10.0
2.0
1.0
1.0
15.0
2.0
6.0
1.0
9.0
4.0
5.0
7.0
4.0
2.0
1.0
1.0
2.0
47.0
5.0
7.0
47.0
3.0
1.0
1.0
1.0
3.0
1.0
3.0
5.0
1.0
2.0
3.0
42.0
2.0
1.0
6.0
130.0
3.0
4.0
393.0
6.0
64.0
17.0
5.0
3.0
31.0
179.0
31.0
37.0
42.0
1.0
3.0
7.0
5.0
1.0
2.0
12.0
3.0
4.0
222.0
1.0
1.0
3.0
51.0
3.0
1.0
1.0
4.0
8.0
2.0
61.0
3.0
2.0
1.0
1.0
68.0
1.0
22.0
30.0
1.0
8.0
5.0
1.0
37.0
1.0
81.0
1.0
1.0
3.0
1.0
3.0
7.0
2.0
2.0
1.0
11.0
235.0
9.0
45.0
71.0
1.0
70.0
1.0
6.0
12.0
5.0
5.0
1.0
1.0
2.0
14.0
12.0
5.0
309.0
1.0
3.0
1.0
4.0
13.0
1.0
34.0
12.0
21.0
1.0
147.0
6.0
65.0
1.0
2.0
70.0
2.0
3.0
1.0
2.0
2.0
3.0
221.0
3.0
2.0
35.0
1.0
2.0
4.0
77.0
3.0
1.0
1.0
2.0
13.0
9.0
132.0
1.0
5.0
10.0
1.0
3.0
38.0
5.0
15.0
13.0
2.0
9.0
4.0
1.0
1.0
2.0
1.0
3.0
1.0
2.0
3.0
15.0
16.0
2.0
60.0
4.0
9.0
5.0
284.0
4.0
1.0
9.0
3.0
8.0
4.0
56.0
13.0
10.0
88.0
5.0
11.0
3.0
1.0
13.0
47.0
3.0
7.0
5.0
3.0
19.0
3.0
1.0
5.0
3.0
3.0
1.0
1.0
1.0
49.0
51.0
4.0
24.0
2.0
1.0
55.0
43.0
1631.0
21.0
3.0
14.0
4.0
14.0
9.0
3.0
234.0
6.0
1.0
157.0
4.0
5.0
6.0
63.0
18.0
1.0
3.0
3.0
2.0
1.0
3.0
1.0
2.0
3.0
7.0
1.0
90.0
789.0
4.0
2.0
2.0
9.0
5.0
22.0
280.0
20.0
556.0
39.0
4.0
22.0
2.0
9.0
1.0
155.0
12.0
1.0
2.0
2.0
17.0
1.0
2.0
2.0
35.0
11.0
12.0
28.0
4.0
1.0
6.0
105.0
16.0
1.0
5.0
1.0
11.0
56.0
30.0
33.0
3.0
16.0
333.0
18.0
5.0
2.0
3.0
9.0
3.0
1.0
1.0
2.0
2.0
56.0
1.0
2.0
3.0
1.0
3.0
24.0
7.0
1.0
22.0
9.0
32.0
10.0
5.0
2.0
64.0
11.0
1.0
6.0
206.0
3.0
5.0
24.0
4.0
15.0
6.0
23.0
1.0
305.0
17.0
3.0
8.0
5.0
11.0
1.0
8.0
1.0
8.0
1.0
1.0
25.0
82.0
6.0
16.0
4.0
63.0
275.0
1.0
97.0
45.0
1.0
4.0
3.0
15.0
12.0
14.0
43.0
35.0
2.0
45.0
13.0
2.0
4.0
92.0
66.0
3.0
2.0
21.0
3.0
3.0
39.0
7.0
96.0
1.0
367.0
6.0
4.0
5.0
68.0
87.0
4.0
62.0
16.0
6.0
1.0
3.0
2.0
12.0
3.0
4.0
9.0
4.0
9.0
6.0
2.0
9.0
2.0
4.0
5.0
19.0
56.0
184.0
1.0
10.0
2.0
7.0
2.0
33.0
25.0
5.0
8.0
1.0
2.0
1.0
1.0
209.0
4.0
37.0
42.0
1.0
1.0
149.0
4.0
2.0
8.0
1.0
24.0
1181.0
1.0
23.0
138.0
12.0
35.0
3.0
412.0
2.0
9.0
141.0
1.0
2.0
2.0
35.0
2.0
835.0
27.0
2.0
23.0
28.0
3.0
141.0
2.0
244.0
1.0
1.0
1528.0
10.0
3.0
1.0
8.0
2.0
4.0
137.0
5.0
2.0
1.0
1.0
882.0
235.0
1.0
77.0
90.0
1.0
1.0
1.0
3.0
2.0
9.0
8.0
11.0
9.0
2.0
38.0
2.0
27.0
5.0
3.0
40.0
5.0
2.0
3.0
11.0
2.0
251.0
2.0
1.0
1.0
1.0
1.0
1.0
14.0
328.0
68.0
244.0
454.0
3.0
12.0
3.0
3.0
9.0
6.0
5.0
2.0
6.0
2.0
2.0
1.0
21.0
13.0
3.0
1.0
1.0
2.0
4.0
12.0
1.0
4.0
1.0
1.0
4.0
1.0
2.0
17.0
24.0
4.0
161.0
14.0
2.0
268.0
110.0
1.0
3.0
1.0
7.0
1.0
5.0
15.0
1.0
4.0
6.0
1.0
253.0
1.0
15.0
36.0
4.0
2.0
11.0
44.0
2.0
42.0
6.0
5.0
13.0
9.0
1.0
3.0
21.0
23.0
5.0
5.0
12.0
1.0
1.0
3.0
1.0
19.0
11.0
10.0
1.0
9.0
16.0
3.0
310.0
2.0
1.0
1.0
2.0
1.0
1.0
3.0
8.0
1.0
39.0
2.0
2.0
30.0
16.0
11.0
11.0
7.0
1.0
5.0
1.0
2.0
196.0
1.0
51.0
58.0
1.0
8.0
4.0
1.0
5.0
9.0
27.0
5.0
7.0
3.0
2.0
13.0
2.0
3.0
7.0
7.0
37.0
256.0
17.0
1.0
398.0
7.0
2.0
12.0
8.0
4.0
2.0
8.0
9.0
2.0
7.0
138.0
31.0
12.0
13.0
5.0
1.0
1.0
2.0
69.0
1.0
5.0
3.0
1.0
9.0
9.0
46.0
3.0
2.0
1.0
2.0
1.0
2.0
1.0
1.0
4.0
4.0
19.0
9.0
3.0
4.0
130.0
10.0
32.0
10.0
2.0
8.0
1.0
460.0
2.0
3.0
1.0
2.0
12.0
6.0
3.0
4.0
83.0
21.0
135.0
61.0
15.0
1.0
6.0
1.0
13.0
3.0
1.0
2.0
223.0
4.0
87.0
26.0
4.0
59.0
22.0
9.0
1.0
14.0
6.0
15.0
18.0
1.0
9.0
5.0
7.0
22.0
5.0
11.0
5.0
32.0
3.0
2.0
1.0
3.0
8.0
1.0
3.0
13.0
80.0
8.0
2.0
1.0
3.0
4.0
1.0
279.0
2.0
119.0
85.0
102.0
142.0
7.0
5.0
26.0
19.0
7.0
43.0
1.0
354.0
10.0
4.0
1.0
29.0
124.0
63.0
109.0
19.0
5.0
4.0
2.0
1.0
63.0
25.0
9.0
204.0
5.0
164.0
6.0
2.0
1.0
3.0
1.0
1.0
12.0
2.0
1.0
2.0
17.0
4.0
87.0
6.0
148.0
15.0
110.0
2.0
62.0
18.0
14.0
2.0
34.0
695.0
13.0
62.0
10.0
4.0
5.0
1.0
4.0
2.0
1.0
1.0
100.0
18.0
17.0
41.0
313.0
5.0
1.0
10.0
5.0
23.0
70.0
53.0
6.0
1.0
4.0
2.0
4.0
8.0
2.0
8.0
38.0
2.0
1.0
11.0
2.0
2.0
69.0
21.0
1.0
4.0
7.0
3.0
2.0
1.0
1.0
51.0
15.0
132.0
5.0
1.0
1.0
3.0
106.0
3.0
45.0
4.0
25.0
6.0
12.0
7.0
12.0
1.0
1.0
8.0
8.0
7.0
299.0
1.0
127.0
52.0
20.0
4.0
1.0
2.0
9.0
11.0
5.0
447.0
520.0
3.0
13.0
26.0
30.0
3.0
2.0
10.0
1.0
8.0
111.0
37.0
62.0
11.0
4.0
1.0
15.0
3.0
1.0
2.0
1.0
31.0
2.0
25.0
3.0
39.0
53.0
2.0
2.0
1.0
4.0
1.0
5.0
1.0
20.0
35.0
3.0
2.0
273.0
2.0
1.0
504.0
125.0
4.0
2.0
5.0
4.0
9.0
1.0
5.0
4.0
24.0
1.0
1.0
528.0
73.0
3.0
3.0
17.0
18.0
7.0
4.0
4.0
10.0
88.0
1.0
9.0
69.0
2.0
1.0
2.0
12.0
10.0
6.0
58.0
7.0
11.0
9.0
26.0
5.0
5.0
28.0
60.0
14.0
3.0
6.0
2.0
61.0
22.0
176.0
44.0
11.0
8.0
9.0
7.0
1.0
39.0
5.0
216.0
2.0
171.0
3.0
17.0
5.0
6.0
22.0
50.0
3.0
1.0
7.0
1.0
257.0
10.0
3.0
413.0
102.0
184.0
2.0
4.0
1.0
375.0
40.0
3.0
2.0
40.0
2.0
15.0
66.0
17.0
14.0
70.0
67.0
7.0
1.0
8.0
1.0
692.0
12.0
21.0
2.0
1.0
3.0
5.0
7.0
7.0
35.0
14.0
34.0
1.0
3.0
1.0
1.0
5.0
4.0
2.0
3.0
2.0
6.0
3.0
7.0
1.0
12.0
7.0
1.0
3.0
1.0
1.0
32.0
1.0
7.0
3.0
2.0
22.0
8.0
2.0
4.0
3.0
12.0
3.0
1.0
8.0
7.0
35.0
1.0
1.0
3.0
8.0
1.0
9.0
5.0
2.0
6.0
356.0
1.0
1.0
5.0
1.0
1.0
17.0
8.0
71.0
1.0
45.0
8.0
3.0
17.0
16.0
49.0
7.0
5.0
1.0
6.0
95.0
6.0
9.0
1.0
191.0
10.0
2.0
31.0
2.0
40.0
1.0
5.0
8.0
1.0
1.0
2.0
4.0
1.0
7.0
13.0
45.0
14.0
6.0
6.0
5.0
46.0
8.0
2.0
34.0
3.0
11.0
19.0
58.0
8.0
8.0
10.0
1.0
3.0
8.0
5.0
4.0
5.0
9.0
1.0
2.0
2.0
4.0
1.0
2.0
19.0
1.0
5.0
1.0
3.0
1.0
13.0
14.0
1.0
16.0
1.0
1.0
9.0
68.0
146.0
6.0
41.0
29.0
1.0
76.0
1.0
2.0
12.0
1.0
9.0
3.0
115.0
9.0
11.0
296.0
114.0
9.0
22.0
10.0
196.0
6.0
1.0
1.0
1.0
9.0
20.0
4.0
2.0
1593.0
6.0
7.0
1.0
3.0
1.0
8.0
1.0
2.0
12.0
4.0
1.0
5.0
1.0
9.0
14.0
18.0
27.0
115.0
3.0
9.0
2.0
9.0
3.0
3.0
20.0
3.0
4.0
60.0
6.0
3.0
3.0
7.0
37.0
67.0
22.0
196.0
22.0
3.0
11.0
20.0
1.0
2.0
8.0
2.0
37.0
6.0
1.0
5.0
1.0
3.0
2.0
11.0
6.0
9.0
379.0
4.0
1.0
3.0
7.0
5.0
4.0
9.0
1.0
6.0
7.0
6.0
140.0
3.0
1.0
4.0
3.0
573.0
19.0
31.0
27.0
2.0
19.0
6.0
19.0
25.0
1.0
1.0
38.0
130.0
1.0
3.0
6.0
118.0
10.0
1.0
35.0
11.0
12.0
53.0
6.0
2.0
2.0
1.0
3.0
1.0
1.0
60.0
3.0
1.0
3.0
1.0
116.0
3.0
101.0
2.0
20.0
1.0
1.0
20.0
6.0
95.0
28.0
1.0
1.0
1.0
8.0
1.0
1.0
1.0
10.0
12.0
153.0
41.0
38.0
225.0
7.0
9.0
3.0
2.0
81.0
4.0
11.0
1.0
21.0
1.0
56.0
1.0
37.0
25.0
1.0
3.0
3.0
7.0
64.0
68.0
13.0
2.0
25.0
1.0
1.0
20.0
9.0
2.0
4.0
1.0
2.0
4.0
66.0
76.0
3.0
139.0
7.0
3.0
1.0
1.0
1.0
3.0
1.0
2.0
14.0
87.0
7.0
146.0
21.0
17.0
1.0
55.0
1.0
1.0
1.0
44.0
1.0
11.0
53.0
5.0
32.0
53.0
1.0
1.0
8.0
10.0
2.0
2.0
1.0
2.0
1.0
1.0
1.0
1.0
2.0
1.0
16.0
1.0
1.0
11.0
1.0
3.0
1.0
3.0
1.0
1.0
1.0
1.0
49.0
1.0
4.0
349.0
16.0
43.0
5.0
3.0
2.0
1.0
2.0
3.0
81.0
62.0
1050.0
2.0
4.0
1.0
9.0
4.0
1.0
1.0
37.0
601.0
2.0
1.0
5.0
2.0
4.0
11.0
46.0
1.0
81.0
70.0
9.0
1.0
82.0
49.0
106.0
24.0
1.0
4.0
17.0
2.0
19.0
6.0
5.0
1.0
9.0
2.0
2.0
1173.0
28.0
3.0
2.0
3.0
4.0
2.0
5.0
1.0
62.0
2.0
3.0
9.0
1.0
2.0
8.0
32.0
5.0
2.0
2.0
71.0
6.0
1.0
12.0
4.0
2.0
5.0
38.0
192.0
5.0
1.0
40.0
167.0
1.0
1.0
5.0
9.0
1.0
2.0
3.0
33.0
3.0
5.0
2.0
41.0
65.0
5.0
2.0
1.0
3.0
32.0
265.0
1.0
19.0
1.0
28.0
1.0
12.0
1.0
1.0
1.0
2.0
2.0
1.0
12.0
1.0
1.0
1.0
3.0
3.0
45.0
2.0
1.0
2.0
1.0
5.0
1.0
8.0
1.0
15.0
1.0
6.0
83.0
1.0
3.0
6.0
1.0
147.0
4.0
24.0
2.0
19.0
1.0
2.0
21.0
1.0
1.0
34.0
2.0
1.0
18.0
8.0
20.0
18.0
5.0
2.0
1.0
1.0
5.0
10.0
1.0
81.0
10.0
4.0
5.0
1.0
4.0
1.0
2.0
32.0
13.0
1.0
1.0
4.0
1.0
1.0
1.0
1.0
2.0
8.0
5.0
3.0
60.0
36.0
27.0
1.0
2.0
2.0
3.0
151.0
4.0
2.0
1.0
1.0
4.0
1.0
2.0
20.0
7.0
17.0
82.0
14.0
5.0
66.0
65.0
19.0
8.0
14.0
6.0
1.0
2.0
6.0
1.0
355.0
12.0
71.0
8.0
1.0
3.0
1.0
2.0
367.0
1.0
1.0
2.0
4.0
5.0
2.0
2005.0
3.0
1.0
425.0
28.0
1.0
71.0
1.0
1.0
8.0
4.0
2.0
123.0
2.0
20.0
2.0
4.0
2.0
20.0
98.0
5.0
2.0
3.0
65.0
23.0
2.0
1.0
1.0
1.0
48.0
9.0
1.0
28.0
4.0
2.0
2.0
2.0
40.0
15.0
5.0
2.0
1.0
1.0
24.0
46.0
15.0
5.0
1.0
1.0
10.0
18.0
6.0
2.0
161.0
7.0
8.0
36.0
96.0
1.0
1.0
4.0
2.0
4.0
4.0
1.0
29.0
2.0
22.0
6.0
7.0
1.0
351.0
1.0
2.0
1.0
2.0
3.0
3.0
507.0
197.0
14.0
171.0
2.0
3.0
2.0
1.0
3.0
1.0
4.0
1.0
1.0
36.0
3.0
8.0
46.0
1.0
161.0
3.0
16.0
53.0
10.0
1.0
20.0
6.0
1.0
230.0
2.0
1.0
33.0
8.0
3.0
4.0
10.0
2.0
21.0
5.0
6.0
60.0
6.0
1.0
5.0
19.0
1.0
15.0
1.0
5.0
344.0
7.0
1.0
144.0
1.0
12.0
17.0
6.0
5.0
1.0
5.0
4.0
39.0
1.0
10.0
1.0
40.0
3.0
4.0
2.0
7.0
1.0
1.0
3.0
1.0
9.0
2.0
231.0
3.0
4.0
4.0
1.0
5.0
1.0
5.0
15.0
3.0
1.0
10.0
112.0
82.0
1.0
4.0
1.0
1.0
4.0
77.0
4.0
6.0
14.0
2.0
1.0
1.0
176.0
248.0
4.0
4.0
133.0
10.0
7.0
81.0
1.0
1.0
87.0
1.0
1.0
731.0
4.0
1.0
2.0
1.0
47.0
3.0
63.0
2.0
58.0
1.0
52.0
4.0
6.0
1.0
4.0
2.0
17.0
1.0
1.0
211.0
2.0
66.0
17.0
1.0
2.0
42.0
6.0
91.0
38.0
5.0
1.0
6.0
2.0
1.0
1.0
5.0
2.0
905.0
1.0
21.0
1.0
196.0
97.0
6.0
42.0
871.0
28.0
2.0
1.0
1.0
1.0
2.0
57.0
1.0
15.0
1.0
18.0
2.0
44.0
18.0
180.0
68.0
38.0
10.0
1.0
4.0
2.0
119.0
1.0
1.0
3.0
1.0
3.0
1.0
4.0
1.0
1.0
10.0
9.0
1.0
3.0
6.0
1.0
3.0
8.0
2.0
1.0
1.0
2.0
1.0
1.0
1.0
1.0
2.0
2.0
6.0
1.0
1.0
20.0
6.0
493.0
25.0
165.0
4.0
1.0
3.0
14.0
1.0
6.0
5.0
9.0
2.0
1.0
23.0
7.0
1.0
18.0
3.0
1.0
1.0
4.0
40.0
40.0
1.0
566.0
43.0
104.0
1.0
8.0
10.0
50.0
2.0
21.0
17.0
5.0
1.0
368.0
3.0
19.0
2.0
22.0
61.0
1.0
82.0
1.0
1.0
70.0
6.0
1.0
226.0
76.0
8.0
13.0
1.0
2.0
2.0
1.0
3.0
15.0
182.0
34.0
25.0
1.0
2.0
11.0
1.0
37.0
2.0
1.0
1.0
6.0
3.0
92.0
2.0
4.0
3.0
3.0
1.0
1.0
1.0
8.0
8.0
4.0
1.0
1.0
6.0
1.0
173.0
1.0
1.0
1.0
2.0
1.0
341.0
242.0
1.0
8.0
3.0
3.0
4.0
1.0
1.0
10.0
8.0
164.0
205.0
482.0
1.0
2.0
56.0
32.0
7.0
2.0
67.0
828.0
1.0
2.0
15.0
1.0
5.0
257.0
51.0
10.0
4.0
2.0
160.0
64.0
1.0
12.0
6.0
1.0
1.0
2.0
629.0
80.0
19.0
9.0
3.0
1.0
1.0
9.0
141.0
3.0
9.0
1.0
113.0
16.0
18.0
4.0
1.0
5.0
11.0
5.0
2.0
50.0
2.0
1.0
33.0
24.0
78.0
5.0
3.0
3.0
73.0
4.0
14.0
22.0
3.0
6.0
1.0
1.0
1.0
14.0
11.0
10.0
6.0
3.0
38.0
82.0
2.0
2.0
1.0
3.0
4.0
1.0
14.0
129.0
7.0
2.0
221.0
3.0
92.0
1.0
50.0
37.0
45.0
3.0
3.0
7.0
3.0
1.0
1.0
1.0
10.0
1.0
4.0
1.0
1.0
19.0
27.0
13.0
1.0
4.0
1.0
1.0
28.0
1.0
1.0
12.0
1.0
12.0
85.0
1.0
1.0
11.0
1.0
1.0
37.0
74.0
2.0
2.0
14.0
1.0
3.0
1.0
16.0
3.0
1.0
2.0
4.0
7.0
2.0
2.0
12.0
3.0
1.0
1.0
32.0
23.0
137.0
25.0
51.0
2.0
2.0
1.0
1.0
10.0
8.0
19.0
1.0
2.0
7.0
3.0
132.0
1.0
10.0
74.0
3.0
1.0
1.0
7.0
85.0
1.0
1.0
1.0
6.0
5.0
1.0
1.0
70.0
7.0
15.0
2.0
1.0
1.0
4.0
64.0
4.0
50.0
4.0
137.0
1.0
1.0
28.0
28.0
10.0
7.0
429.0
1.0
12.0
9.0
1.0
3.0
8.0
6.0
3.0
2.0
1.0
36.0
1.0
2.0
23.0
192.0
5.0
65.0
8.0
6.0
20.0
12.0
4.0
1.0
920.0
1.0
6.0
3.0
14.0
144.0
10.0
16.0
1.0
2.0
3.0
1.0
1.0
1.0
3.0
1.0
9.0
1.0
1.0
3.0
11.0
2.0
1.0
9.0
6.0
2.0
3.0
5.0
79.0
10.0
1.0
18.0
6.0
14.0
173.0
5.0
53.0
1.0
1.0
3.0
3.0
5.0
28.0
131.0
3.0
1.0
1.0
15.0
1.0
492.0
6.0
1.0
2.0
3.0
12.0
3.0
1.0
1.0
6.0
10.0
1.0
8.0
14.0
2.0
1.0
1.0
5.0
45.0
51.0
15.0
2.0
13.0
1.0
1.0
239.0
237.0
3.0
2.0
72.0
53.0
202.0
99.0
9.0
34.0
28.0
2.0
30.0
3.0
1.0
1.0
56.0
6.0
1.0
4.0
2.0
4.0
98.0
2.0
7.0
62.0
2.0
489.0
23.0
59.0
1.0
2.0
54.0
464.0
1.0
18.0
29.0
13.0
458.0
13.0
27.0
52.0
10.0
1.0
55.0
37.0
2.0
1.0
22.0
33.0
1.0
1.0
1.0
4.0
3.0
19.0
23.0
1.0
2.0
29.0
6.0
366.0
6.0
2.0
2.0
89.0
3.0
6.0
15.0
1.0
36.0
9.0
4.0
3.0
4.0
2.0
60.0
3.0
4.0
4.0
33.0
99.0
2.0
331.0
1.0
128.0
3.0
329.0
139.0
15.0
1.0
20.0
6.0
4.0
2.0
1.0
3.0
5.0
382.0
3.0
6.0
1.0
38.0
4.0
7.0
7.0
1.0
1.0
6.0
21.0
22.0
1.0
85.0
12.0
1.0
12.0
13.0
2.0
2.0
13.0
1.0
79.0
2.0
7.0
1.0
3.0
3.0
101.0
1.0
2.0
2.0
5.0
55.0
3.0
1.0
2.0
1.0
1.0
11.0
3.0
142.0
18.0
1.0
12.0
2.0
1.0
8.0
2.0
1.0
24.0
4.0
22.0
2.0
3.0
1.0
5.0
26.0
9.0
5.0
7.0
28.0
1.0
2.0
30.0
1.0
8.0
4.0
2.0
12.0
1.0
2.0
60.0
25.0
2.0
1.0
3.0
1.0
1.0
3.0
1.0
1.0
87.0
2.0
4.0
16.0
3.0
2.0
1.0
16.0
1.0
8.0
21.0
2.0
1.0
45.0
1.0
76.0
15.0
74.0
169.0
8.0
6.0
5.0
3.0
3.0
3.0
5.0
59.0
2.0
14.0
2.0
5.0
7.0
7.0
13.0
4.0
12.0
128.0
2.0
1.0
2.0
7.0
1.0
355.0
15.0
31.0
63.0
3.0
4.0
18.0
1.0
1.0
4.0
12.0
3.0
7.0
2.0
2.0
4.0
2.0
8.0
16.0
4.0
729.0
4.0
5.0
1.0
73.0
1.0
6.0
2.0
4.0
3.0
16.0
41.0
2.0
1.0
2.0
1.0
26.0
27.0
9.0
1.0
230.0
6.0
1.0
69.0
12.0
1.0
32.0
2.0
3.0
68.0
23.0
2.0
23.0
3.0
1.0
6.0
5.0
1.0
3.0
3.0
7.0
2.0
1.0
7.0
41.0
20.0
28.0
4.0
4.0
2.0
3.0
3.0
3.0
10.0
9.0
5.0
1.0
3.0
1.0
1.0
1.0
11.0
3.0
1.0
1.0
13.0
2.0
1.0
1.0
4.0
1.0
2.0
1.0
4.0
6.0
8.0
56.0
1.0
1.0
1.0
1.0
1.0
1.0
1.0
1.0
7.0
8.0
1.0
1.0
4.0
3.0
2.0
16.0
5.0
9.0
5.0
1.0
8.0
4.0
10.0
2.0
14.0
8.0
7.0
2.0
141.0
18.0
24.0
2.0
4.0
15.0
9.0
17.0
253.0
4.0
5.0
9.0
4.0
7.0
94.0
5.0
19.0
15.0
10.0
1.0
1.0
4.0
5.0
2.0
63.0
1.0
3.0
3.0
1.0
767.0
12.0
2.0
2.0
16.0
19.0
123.0
1.0
1.0
47.0
1.0
26.0
25.0
32.0
45.0
3.0
2.0
5.0
16.0
3.0
132.0
7.0
2.0
2.0
3.0
2.0
1.0
2.0
2.0
16.0
8.0
1.0
4.0
293.0
140.0
30.0
1.0
22.0
3.0
1.0
9.0
2.0
1.0
245.0
32.0
129.0
1221.0
14.0
6.0
62.0
163.0
268.0
1.0
87.0
3.0
1.0
3.0
22.0
1.0
3.0
1.0
3.0
369.0
34.0
3.0
2.0
1.0
29.0
3.0
4.0
1.0
7.0
2.0
10.0
1.0
4.0
1.0
2.0
2.0
505.0
545.0
1.0
9.0
1.0
75.0
1.0
660.0
4.0
24.0
1.0
1.0
21.0
5.0
573.0
1.0
2.0
116.0
1.0
7.0
1.0
48.0
1.0
1.0
23.0
8.0
2.0
7.0
3.0
6.0
54.0
1.0
1.0
3.0
1.0
2.0
725.0
1.0
111.0
20.0
4.0
8.0
2.0
8.0
2.0
8.0
1.0
1.0
2.0
13.0
1.0
3.0
59.0
1.0
1.0
5.0
11.0
2.0
1.0
2.0
5.0
79.0
27.0
3.0
5.0
4.0
5.0
9.0
1.0
17.0
8.0
1.0
228.0
76.0
119.0
4.0
197.0
313.0
5.0
40.0
4.0
39.0
10.0
20.0
56.0
1.0
324.0
176.0
77.0
2.0
119.0
6.0
4.0
18.0
1.0
8.0
2.0
9.0
6.0
3.0
10.0
2.0
1.0
5.0
61.0
2.0
34.0
46.0
8.0
1.0
2.0
2.0
45.0
591.0
5.0
31.0
20.0
8.0
2.0
49.0
3.0
52.0
1.0
59.0
3.0
167.0
327.0
110.0
3.0
3.0
18.0
2.0
16.0
3.0
1.0
43.0
17.0
1.0
1.0
1.0
1.0
1.0
14.0
5.0
4.0
7.0
1.0
8.0
7.0
31.0
1.0
21.0
1.0
2.0
54.0
2.0
1.0
13.0
2.0
15.0
1.0
19.0
8.0
1.0
47.0
15.0
2.0
2.0
13.0
24.0
1.0
4.0
4.0
2.0
1.0
3.0
3.0
2.0
1.0
6.0
1.0
1.0
1.0
4.0
8.0
18.0
2.0
3.0
108.0
1.0
1.0
2.0
1.0
14.0
19.0
1.0
1.0
7.0
38.0
8.0
4.0
2.0
4.0
1.0
45.0
6.0
5.0
4.0
1.0
2.0
10.0
4.0
2.0
3.0
3.0
9.0
173.0
4.0
2.0
23.0
156.0
3.0
1.0
8.0
7.0
15.0
3.0
40.0
4.0
91.0
22.0
11.0
133.0
7.0
12.0
2.0
1.0
5.0
2.0
15.0
8.0
8.0
1.0
2.0
2.0
5.0
1.0
3.0
2.0
1.0
1.0
10.0
6.0
5.0
1.0
16.0
2.0
6.0
65.0
6.0
11.0
7.0
1.0
6.0
1.0
6.0
1.0
2.0
1.0
32.0
1.0
3.0
2.0
2.0
36.0
1.0
3.0
1.0
4.0
10.0
9.0
18.0
1.0
1.0
2.0
3.0
6.0
1.0
17.0
2.0
7.0
1.0
88.0
52.0
21.0
29.0
85.0
2.0
15.0
100.0
6.0
3.0
2.0
2.0
1.0
8.0
7.0
15.0
2.0
2.0
15.0
1.0
1.0
6.0
4.0
30.0
1.0
3.0
1.0
1.0
34.0
1.0
12.0
264.0
9.0
634.0
1.0
2.0
21.0
8.0
3.0
1.0
77.0
1.0
9.0
11.0
134.0
74.0
2.0
8.0
1.0
1.0
1.0
5.0
189.0
2.0
6.0
1.0
13.0
4.0
2.0
18.0
2.0
994.0
69.0
221.0
16.0
57.0
9.0
3.0
8.0
6.0
1054.0
8.0
334.0
1.0
44.0
254.0
7.0
2.0
105.0
31.0
16.0
1.0
2.0
3.0
3.0
144.0
17.0
1.0
3.0
1.0
2.0
266.0
16.0
2.0
3.0
2.0
12.0
25.0
8.0
89.0
28.0
60.0
1.0
35.0
1.0
2.0
3.0
52.0
5.0
3.0
5.0
15.0
3.0
1.0
34.0
1.0
58.0
14.0
1.0
1.0
4.0
12.0
14.0
1.0
5.0
4.0
1.0
211.0
4.0
1.0
2.0
1.0
1.0
181.0
23.0
5.0
1.0
50.0
1.0
2.0
14.0
4.0
1.0
7.0
2.0
6.0
10.0
19.0
21.0
1.0
20.0
2.0
2.0
4.0
1.0
33.0
339.0
53.0
2.0
1.0
22.0
36.0
1.0
3.0
2.0
2.0
1.0
4.0
2.0
3.0
21.0
6.0
28.0
20.0
4.0
1.0
22.0
1.0
2.0
2.0
1.0
3.0
2.0
11.0
2.0
1.0
8.0
2.0
3.0
2.0
104.0
4.0
2.0
21.0
5.0
8.0
5.0
7.0
1.0
20.0
40.0
2.0
3.0
95.0
1.0
8.0
2.0
6.0
3.0
8.0
12.0
501.0
6.0
1.0
4.0
38.0
2.0
83.0
282.0
1.0
1.0
45.0
335.0
1.0
3.0
6.0
9.0
1.0
4.0
230.0
18.0
23.0
16.0
1.0
4.0
12.0
8.0
153.0
11.0
2.0
18.0
3.0
1.0
1.0
1.0
28.0
1.0
20.0
1.0
63.0
5.0
3.0
8.0
1.0
1.0
16.0
15.0
16.0
11.0
29.0
6.0
43.0
5.0
1.0
15.0
231.0
1.0
1.0
1.0
56.0
9.0
2.0
3.0
1.0
1.0
2.0
52.0
2.0
61.0
14.0
2.0
1.0
2.0
28.0
56.0
9.0
19.0
109.0
4.0
1.0
8.0
77.0
5.0
2.0
68.0
1.0
10.0
1.0
1.0
2.0
8.0
9.0
1.0
13.0
1.0
30.0
1.0
3.0
257.0
91.0
17.0
4.0
154.0
44.0
5.0
1.0
25.0
7.0
8.0
6.0
1.0
17.0
249.0
27.0
410.0
33.0
643.0
8.0
2.0
1.0
12.0
6.0
9.0
17.0
218.0
38.0
3.0
8.0
4.0
5.0
147.0
1.0
3.0
1.0
2.0
2.0
32.0
2.0
1.0
5.0
1.0
2.0
2.0
2.0
3.0
2.0
1.0
19.0
6.0
1.0
1.0
3.0
11410.0
40.0
4.0
3.0
4.0
1.0
1.0
2.0
1.0
3.0
8.0
3.0
3.0
20.0
1.0
1.0
30.0
85.0
3.0
4.0
1.0
2.0
1.0
2.0
16.0
57.0
14.0
1.0
22.0
35.0
13.0
1.0
23.0
8.0
6.0
1.0
17.0
9.0
2.0
1.0
72.0
1.0
54.0
26.0
21.0
1.0
4.0
40.0
8.0
7.0
3.0
1.0
1.0
1.0
29.0
2.0
2.0
25.0
5.0
8.0
13.0
4.0
1.0
1.0
9.0
6.0
1.0
2.0
4.0
2.0
1.0
36.0
127.0
62.0
12.0
9.0
2.0
2.0
1.0
1.0
1.0
2.0
2.0
104.0
14.0
12.0
1.0
8.0
5.0
2.0
44.0
77.0
1.0
52.0
1.0
100.0
11.0
64.0
24.0
111.0
31.0
6.0
1.0
3.0
1.0
1.0
1.0
47.0
2.0
411.0
1.0
396.0
4.0
2.0
31.0
3.0
97.0
2.0
69.0
4.0
2.0
60.0
1.0
5.0
1.0
10.0
6.0
4.0
21.0
1.0
61.0
1.0
8.0
49.0
153.0
3.0
143.0
1.0
2.0
11.0
2.0
4.0
2.0
434.0
4.0
1.0
87.0
1.0
3.0
5.0
7.0
23.0
1.0
2.0
5.0
12.0
18.0
22.0
2.0
18.0
3.0
5.0
2.0
69.0
5.0
1.0
9.0
2.0
1.0
13.0
1.0
1.0
9.0
1.0
1.0
5.0
3.0
1.0
69.0
7.0
2.0
6.0
10.0
20.0
1.0
7.0
1.0
3.0
2.0
3.0
5.0
9.0
10.0
65.0
6.0
3.0
8.0
12.0
1.0
1.0
1.0
1.0
1.0
27.0
11.0
3.0
12.0
1.0
1.0
41.0
325.0
7.0
867.0
2.0
25.0
79.0
14.0
440.0
117.0
2.0
17.0
4.0
10.0
3.0
6.0
29.0
3.0
1.0
1311.0
10.0
89.0
3.0
193.0
1.0
3.0
4.0
3.0
33.0
25.0
62.0
18.0
7.0
1.0
2.0
2.0
1.0
2.0
5.0
14.0
243.0
18.0
1.0
1.0
102.0
4.0
3.0
70.0
13.0
15.0
93.0
1.0
7.0
43.0
86.0
26.0
3.0
4.0
15.0
201.0
17.0
2.0
61.0
16.0
15.0
5.0
31.0
5.0
1.0
50.0
1.0
9.0
1.0
4.0
21.0
18.0
4.0
1.0
1.0
26.0
5.0
1.0
6.0
2.0
1.0
3.0
85.0
2.0
9.0
2.0
3.0
2.0
2.0
4.0
1.0
49.0
4.0
11.0
1.0
2.0
6.0
5.0
77.0
33.0
42.0
6.0
16.0
1.0
35.0
1.0
4.0
8.0
1.0
20.0
17.0
10.0
5.0
8.0
2.0
1.0
2.0
17.0
5.0
23.0
2.0
2.0
1.0
1.0
41.0
6.0
4.0
3.0
11.0
294.0
3.0
1.0
74.0
50.0
6.0
2.0
4.0
11.0
1.0
18.0
2.0
1.0
4.0
4.0
40.0
6.0
1.0
1.0
6.0
4.0
3.0
3.0
3.0
3.0
1.0
15.0
2.0
7.0
123.0
6.0
2.0
1.0
33.0
8.0
1.0
6.0
13.0
1.0
2.0
4.0
5.0
1.0
75.0
2.0
1.0
1.0
4.0
3.0
1.0
1.0
1.0
12.0
24.0
1.0
10.0
6.0
17.0
2.0
3.0
2.0
1.0
7.0
1.0
1.0
1655.0
4.0
7.0
24.0
1.0
1.0
359.0
1.0
13.0
20.0
27.0
133.0
2.0
22.0
1.0
3.0
1.0
3.0
1.0
1.0
18.0
1.0
10.0
1.0
3.0
2.0
2.0
11.0
1.0
8.0
7.0
2.0
3.0
4.0
44.0
9.0
1.0
2.0
31.0
1.0
3.0
28.0
1.0
2.0
1.0
62.0
1.0
8.0
1.0
1.0
8.0
8.0
2.0
9.0
4.0
11.0
2.0
1.0
2.0
841.0
3.0
2.0
10.0
2.0
16.0
341.0
20.0
61.0
1.0
389.0
426.0
32.0
1.0
1.0
4.0
1.0
15.0
3.0
2.0
34.0
1.0
12.0
8.0
4.0
1.0
21.0
5.0
3.0
7.0
7.0
1.0
6.0
1.0
12.0
2.0
2.0
3.0
2.0
143.0
2.0
4.0
7.0
1.0
15.0
2.0
15.0
1.0
41.0
183.0
4.0
5.0
2.0
3.0
2.0
1.0
3.0
53.0
1.0
1.0
122.0
3.0
1.0
2.0
2.0
1.0
1.0
2.0
2.0
112.0
2.0
88.0
2.0
6.0
19.0
3.0
1.0
1.0
1.0
2.0
9.0
3.0
48.0
1.0
1.0
4.0
207.0
2.0
9.0
15.0
1.0
1.0
22.0
5.0
47.0
24.0
23.0
1.0
1.0
32.0
1.0
22.0
25.0
98.0
44.0
50.0
17.0
446.0
8.0
1.0
1.0
5.0
66.0
1.0
4.0
6.0
1.0
1.0
2.0
156.0
2.0
239.0
1.0
40.0
58.0
1.0
184.0
1.0
29.0
3.0
1.0
496.0
1.0
1.0
1.0
123.0
13.0
7.0
2.0
11.0
5.0
17.0
6.0
24.0
25.0
1.0
4.0
12.0
23.0
15.0
4.0
8.0
1.0
4.0
10.0
1.0
2.0
2.0
119.0
1.0
6.0
66.0
2.0
1.0
15.0
60.0
8.0
1442.0
130.0
1.0
2.0
1.0
47.0
18.0
1.0
112.0
13.0
16.0
29.0
4.0
5.0
32.0
50.0
1.0
23.0
8.0
2.0
170.0
1.0
3.0
5.0
13.0
173.0
31.0
13.0
3.0
1.0
1.0
2.0
2.0
3.0
2.0
3.0
1.0
1.0
7.0
11.0
1.0
2.0
1.0
6.0
16.0
7.0
5.0
1.0
11.0
1.0
6.0
2.0
1.0
1.0
10.0
1.0
3.0
1.0
391.0
107.0
3.0
24.0
10.0
14.0
26.0
1.0
2.0
2.0
2.0
8.0
26.0
1.0
12.0
48.0
31.0
2.0
9.0
14.0
2.0
2.0
25.0
7.0
14.0
17.0
3.0
59.0
1.0
1.0
2.0
15.0
1.0
3.0
1.0
541.0
13.0
15.0
2.0
3.0
20.0
2.0
17.0
108.0
3.0
3.0
1.0
7.0
1.0
2.0
1.0
2.0
5.0
6.0
188.0
251.0
18.0
3.0
8.0
31.0
33.0
2.0
4.0
1.0
3.0
317.0
4.0
10.0
2029.0
16.0
2.0
1.0
2.0
1.0
2.0
7.0
9.0
1.0
17.0
30.0
62.0
13.0
15.0
2.0
3.0
7.0
12.0
2.0
21.0
1.0
6.0
39.0
31.0
1.0
6.0
6.0
229.0
1.0
9.0
10.0
64.0
4.0
1.0
21.0
12.0
279.0
3.0
2.0
20.0
1.0
2.0
62.0
2.0
1.0
1.0
3.0
2.0
4.0
6.0
1.0
2.0
6.0
2.0
1.0
1.0
9.0
28.0
1.0
1.0
5.0
1.0
41.0
1.0
12.0
20.0
15.0
48.0
2033.0
1.0
2592.0
4.0
351.0
1.0
5.0
3.0
249.0
4.0
5.0
2.0
5.0
2.0
3.0
19.0
1.0
1.0
1.0
1.0
22.0
263.0
36.0
15.0
27.0
1.0
1.0
3.0
1.0
5.0
32.0
1.0
2.0
33.0
5.0
1.0
11.0
898.0
898.0
2.0
2.0
2.0
161.0
1.0
1.0
2.0
235.0
76.0
49.0
538.0
2.0
14.0
1.0
2.0
2.0
1.0
24.0
3.0
18.0
3.0
13.0
25.0
1.0
1.0
1.0
1.0
1.0
1.0
2.0
1.0
1.0
41.0
1.0
81.0
22.0
276.0
1.0
6.0
10.0
15.0
20.0
1.0
3.0
11.0
1.0
57.0
5.0
4.0
38.0
14.0
1.0
1.0
1.0
7.0
1.0
49.0
303.0
1.0
8.0
6.0
1.0
4.0
33.0
16.0
1.0
7.0
6.0
2.0
1.0
20.0
78.0
2.0
11.0
3.0
16.0
4.0
5.0
129.0
6.0
4.0
73.0
2.0
43.0
89.0
14.0
4.0
12.0
4.0
3.0
1.0
1.0
12.0
4.0
75.0
3.0
33.0
2.0
2576.0
3.0
2.0
5.0
1.0
7.0
42.0
5.0
1.0
2.0
66.0
7.0
3.0
31.0
17.0
1.0
2.0
2.0
3.0
6.0
5.0
1.0
3.0
11.0
4.0
1.0
66.0
89.0
2.0
1.0
1.0
9.0
189.0
2.0
1.0
4.0
3.0
44.0
1.0
35.0
2.0
3.0
5.0
173.0
1.0
2.0
1.0
5.0
5.0
122.0
21.0
5.0
4.0
2.0
1.0
4.0
8.0
21.0
1.0
1.0
1.0
8.0
1.0
1.0
9.0
2.0
398.0
69.0
1.0
11.0
1.0
3.0
4.0
9.0
315.0
10.0
1.0
1.0
20.0
1.0
2.0
18.0
18.0
2.0
10.0
41.0
7.0
24.0
1.0
14.0
5.0
1.0
303.0
1.0
4.0
2.0
6.0
2.0
66.0
49.0
49.0
16.0
3.0
2.0
18.0
2.0
1.0
67.0
2.0
4.0
1.0
199.0
7.0
1.0
1.0
5.0
2.0
1.0
453.0
1.0
3.0
2.0
176.0
12.0
3.0
1.0
4.0
3.0
6.0
1.0
1.0
22.0
2.0
10.0
5.0
1.0
4.0
1.0
4.0
5.0
223.0
1.0
53.0
1.0
2.0
5.0
1.0
1.0
25.0
2.0
4.0
13.0
40.0
2.0
2.0
2.0
275.0
3.0
148.0
6.0
3.0
1.0
125.0
3.0
12.0
2.0
3.0
1.0
90.0
3.0
1.0
1.0
56.0
2.0
3.0
6.0
20.0
1.0
21.0
1.0
14.0
3.0
81.0
115.0
10.0
1.0
1.0
1.0
38.0
10.0
5.0
12.0
3.0
26.0
2.0
80.0
1.0
73.0
6.0
14.0
1.0
36.0
151.0
11.0
3.0
40.0
28.0
16.0
6.0
7.0
153.0
9.0
3.0
16.0
9.0
6.0
24.0
82.0
61.0
3.0
16.0
140.0
14.0
17.0
1.0
36.0
1.0
13.0
4.0
86.0
1.0
5.0
125.0
9.0
33.0
2.0
4.0
1.0
2.0
3.0
3.0
2.0
36.0
3.0
3.0
1.0
6.0
1.0
8.0
6.0
2.0
3.0
4.0
1.0
180.0
1.0
40.0
23.0
30.0
8.0
2.0
1.0
13.0
42.0
15.0
32.0
41.0
61.0
3.0
15.0
1.0
1.0
4.0
1.0
127.0
63.0
1.0
42.0
19.0
2.0
2.0
1.0
1.0
8.0
28.0
3.0
2.0
11.0
4.0
1.0
9.0
48.0
3.0
29.0
9.0
2.0
2.0
1.0
2.0
1.0
51.0
1.0
1.0
5.0
69.0
2.0
10.0
1.0
2.0
84.0
7.0
17.0
3.0
20.0
5.0
7.0
3.0
14.0
12.0
1.0
5.0
2.0
1.0
9.0
182.0
1.0
199.0
12.0
69.0
25.0
1.0
1.0
1.0
6.0
3.0
14.0
55.0
3.0
7.0
1.0
1.0
2.0
3.0
4.0
3.0
4.0
110.0
35.0
2.0
10.0
11.0
1.0
3.0
22.0
1.0
2.0
2.0
6.0
4.0
1.0
132.0
3.0
14.0
1.0
29.0
2.0
3.0
30.0
4.0
4.0
43.0
1.0
3.0
1.0
2.0
17.0
1.0
4.0
28.0
1.0
2.0
5.0
1.0
4.0
1.0
1.0
122.0
7.0
1.0
21.0
1.0
3.0
1.0
8.0
1.0
1.0
1.0
1.0
5.0
1.0
4.0
26.0
3.0
30.0
34.0
3.0
1.0
1.0
2.0
2.0
2.0
6.0
29.0
9.0
10.0
2.0
1.0
4.0
290.0
2.0
1.0
2.0
3.0
6.0
1.0
2.0
3.0
13.0
1.0
105.0
2.0
2.0
718.0
3.0
1.0
118.0
1.0
3.0
5.0
19.0
5.0
36.0
5.0
91.0
1.0
4.0
5.0
156.0
2.0
4.0
1961.0
1.0
8.0
1.0
3.0
6.0
1.0
27.0
11.0
6.0
1.0
100.0
1.0
1.0
8.0
10.0
2.0
1.0
5.0
2.0
20.0
2.0
1.0
65.0
4.0
10.0
19.0
1.0
9.0
1.0
3.0
13.0
3.0
1.0
1.0
13.0
1.0
1.0
1.0
57.0
9.0
1.0
1.0
12.0
1.0
1.0
12.0
9.0
1.0
3.0
1.0
7.0
14.0
3.0
5.0
11.0
5.0
5.0
2.0
667.0
2.0
10.0
39.0
99.0
3.0
1.0
1.0
3.0
8.0
1.0
25.0
1.0
12.0
1.0
2.0
4.0
19.0
1.0
1.0
213.0
5.0
4.0
13.0
22.0
3.0
1.0
24.0
2.0
2.0
4.0
6.0
1.0
2.0
1.0
1.0
1.0
127.0
3.0
1.0
1.0
9.0
54.0
2.0
7.0
5.0
1.0
46.0
2.0
6.0
10.0
6.0
6.0
1656.0
1.0
2.0
1.0
6.0
4.0
6.0
10.0
1.0
5.0
1.0
9.0
3.0
3.0
1.0
108.0
8.0
1.0
7.0
4.0
1.0
675.0
2.0
1.0
2.0
4.0
142.0
70.0
44.0
3.0
16.0
1.0
1.0
2.0
1.0
1.0
1.0
8.0
15.0
9.0
4.0
1370.0
1.0
1.0
10.0
1.0
62.0
4.0
198.0
6.0
1.0
1.0
14.0
3.0
2.0
1.0
1.0
3.0
1.0
49.0
34.0
1.0
73.0
1.0
10.0
13.0
11.0
11.0
3.0
3.0
12.0
6.0
11.0
2.0
40.0
3.0
96.0
14.0
3.0
1.0
2.0
2.0
2.0
1.0
1.0
13.0
1.0
2.0
1.0
1.0
1.0
6.0
4.0
17.0
1.0
1.0
2.0
1.0
2.0
23.0
2.0
7.0
1.0
8.0
1.0
1.0
3.0
13.0
12.0
1.0
23.0
25.0
1.0
1.0
5.0
1.0
21.0
3.0
18.0
1.0
3.0
2.0
16.0
4.0
1.0
5.0
5.0
2.0
1.0
4.0
4.0
1.0
3.0
2.0
1.0
12.0
4.0
1.0
1.0
3.0
1.0
5.0
4.0
1.0
2.0
1.0
1.0
1.0
2.0
4.0
1.0
14.0
7.0
20.0
9.0
3.0
15.0
1.0
27.0
1.0
1.0
8.0
18.0
2.0
3.0
3.0
1.0
2.0
9.0
5.0
531.0
17.0
4.0
165.0
4.0
15.0
7.0
3.0
5.0
12.0
8.0
11.0
4.0
9.0
9.0
1.0
9.0
3.0
3.0
17.0
1.0
2.0
3.0
1.0
3.0
1.0
12.0
14.0
3.0
1.0
1.0
9.0
2.0
1.0
1.0
5.0
1.0
25.0
3.0
8.0
2.0
2.0
1.0
2.0
3.0
2.0
2.0
1.0
1.0
28.0
307.0
1.0
6.0
1.0
1.0
3.0
2.0
1.0
1.0
16.0
2.0
5.0
1.0
2.0
17.0
1.0
38.0
10.0
8.0
5.0
5.0
2.0
1.0
4.0
2.0
1.0
2.0
1.0
3.0
3.0
1.0
46.0
2.0
1.0
65.0
1.0
213.0
2.0
169.0
5.0
73.0
19.0
109.0
1100.0
250.0
5.0
1.0
4.0
5.0
135.0
6.0
1.0
1.0
6.0
96.0
95.0
2.0
11.0
3.0
10.0
1.0
8.0
2.0
16.0
1.0
1.0
3.0
1.0
17.0
33.0
2.0
1.0
1.0
2.0
1.0
2.0
9.0
3.0
1.0
3.0
4.0
3.0
5.0
13.0
1.0
27.0
6.0
11.0
1.0
3.0
4.0
1.0
1.0
8.0
4.0
1.0
1.0
2.0
2.0
1.0
10.0
3.0
2.0
3.0
1.0
35.0
3.0
1.0
1.0
1.0
14.0
1.0
1.0
1.0
1.0
1.0
1.0
15.0
1.0
6.0
1.0
7.0
1.0
4.0
1.0
4.0
2.0
1.0
1.0
2.0
4.0
1.0
7.0
1.0
4.0
1.0
2.0
1.0
3.0
2.0
5.0
2.0
7.0
3.0
1.0
2.0
3.0
8.0
3.0
9.0
13.0
64.0
7.0
5.0
1.0
1.0
3.0
1.0
5.0
2.0
9.0
2.0
4.0
1.0
3.0
3.0
5.0
13.0
2.0
209.0
18.0
3.0
270.0
1.0
11.0
1.0
4.0
1.0
1.0
4.0
37.0
71.0
1.0
1.0
1.0
16.0
10.0
2.0
1.0
1.0
59.0
5.0
3.0
3.0
1.0
1.0
1.0
2.0
7.0
1.0
7.0
17.0
14.0
24.0
14.0
1.0
1.0
1.0
2.0
1.0
1.0
30.0
1.0
16.0
2.0
2.0
5.0
6.0
1.0
10.0
1.0
3.0
8.0
1.0
404.0
367.0
1.0
29.0
11.0
57.0
5.0
1541.0
3.0
270.0
9.0
1.0
378.0
6.0
1.0
1350.0
2.0
14.0
21.0
160.0
499.0
2.0
3.0
42.0
45.0
6.0
1.0
1.0
6.0
6.0
1.0
3.0
163.0
13.0
27.0
3.0
8.0
11.0
6.0
35.0
1.0
20.0
25.0
1.0
669.0
1.0
73.0
8.0
2.0
2.0
24.0
3.0
2.0
1.0
3.0
10.0
52.0
3.0
17.0
20.0
3.0
37.0
18.0
1.0
1.0
5.0
1.0
2.0
31.0
3.0
5.0
1.0
110.0
16.0
3.0
28.0
3.0
2.0
38.0
60.0
389.0
1.0
69.0
1.0
114.0
76.0
11.0
15.0
57.0
2.0
2.0
9.0
20.0
9.0
3.0
6.0
1.0
1.0
15.0
4.0
3.0
6.0
1.0
3.0
84.0
7.0
24.0
47.0
1.0
119.0
2.0
1.0
116.0
3.0
2.0
2.0
3.0
7.0
1.0
3.0
53.0
15.0
17.0
9.0
2.0
4.0
4.0
1.0
24.0
8.0
1.0
21.0
36.0
2.0
19.0
2.0
41.0
12.0
3.0
4.0
8.0
4.0
232.0
1.0
6.0
21.0
1.0
6.0
41.0
1.0
3.0
1.0
2.0
94.0
2.0
9.0
1.0
1.0
1.0
2.0
1.0
9.0
20.0
1.0
14.0
2.0
5.0
1.0
1.0
40.0
2.0
4.0
37.0
5.0
5.0
15.0
4.0
6.0
1.0
9.0
1.0
1.0
37.0
9.0
2.0
5.0
18.0
1.0
65.0
18.0
4.0
5.0
9.0
8.0
2.0
6.0
3.0
29.0
6.0
569.0
4.0
1.0
2.0
21.0
74.0
11.0
5.0
23.0
28.0
1.0
1.0
1.0
14.0
32.0
2.0
3.0
11.0
1.0
9.0
36.0
7.0
17.0
2.0
1.0
7.0
19.0
3.0
1.0
12.0
1.0
89.0
11.0
1.0
66.0
1.0
3.0
2.0
25.0
38.0
39.0
3.0
427.0
2.0
24.0
5.0
3.0
18.0
6.0
452.0
4.0
79.0
3.0
54.0
49.0
2.0
1.0
1.0
2.0
6.0
3.0
10.0
32.0
3.0
1.0
20.0
11.0
2.0
1.0
1.0
4.0
2.0
1.0
1.0
11.0
22.0
11.0
18.0
64.0
53.0
56.0
49.0
2.0
3.0
1.0
1.0
33.0
17.0
16.0
15.0
215.0
3.0
8.0
1.0
105.0
89.0
31.0
1.0
74.0
2.0
17.0
1.0
3.0
1.0
1.0
11.0
123.0
125.0
2.0
107.0
1.0
25.0
6.0
3.0
9.0
73.0
15.0
1.0
31.0
12.0
4.0
12.0
29.0
1.0
34.0
1.0
9.0
2.0
7.0
4.0
8.0
11.0
2.0
2.0
1.0
2.0
2.0
274.0
2.0
47.0
2.0
10.0
1.0
7.0
5.0
4.0
1.0
2.0
62.0
3.0
111.0
1.0
4.0
10.0
139.0
3.0
4.0
24.0
52.0
1.0
8.0
14.0
3.0
4.0
2.0
125.0
19.0
25.0
8.0
3.0
4.0
7.0
5.0
11.0
27.0
20.0
9.0
1.0
2.0
17.0
1.0
612.0
66.0
2.0
7.0
1.0
99.0
5.0
1.0
1.0
45.0
3.0
1.0
7.0
3.0
20.0
11.0
2.0
2.0
16.0
36.0
1.0
5.0
3.0
1.0
15.0
5.0
1.0
303.0
3.0
1.0
132.0
2.0
15.0
53.0
13.0
21.0
1.0
129.0
1.0
2.0
48.0
42.0
8.0
145.0
12.0
1.0
26.0
6.0
3.0
15.0
9.0
4.0
38.0
8.0
2.0
11.0
3.0
3.0
2.0
6.0
1.0
3.0
6.0
1.0
784.0
1.0
2.0
217.0
42.0
1.0
3.0
15.0
5.0
1.0
13.0
4.0
3.0
73.0
6.0
14.0
8.0
4.0
2.0
3.0
43.0
10.0
213.0
14.0
6.0
65.0
5.0
79.0
44.0
13.0
4.0
1.0
6.0
15.0
37.0
1.0
19.0
12.0
204.0
2.0
15.0
178.0
6.0
1.0
30.0
266.0
1.0
3.0
1.0
145.0
1.0
5.0
208.0
2.0
1.0
2.0
1.0
5.0
1.0
28.0
1.0
1.0
2.0
1.0
1.0
1.0
1.0
3.0
9.0
29.0
63.0
4.0
156.0
9.0
7.0
2.0
20.0
2.0
28.0
1.0
44.0
5.0
2.0
215.0
126.0
1.0
2.0
1.0
3.0
115.0
9.0
8.0
15.0
5.0
28.0
26.0
23.0
2.0
83.0
7.0
145.0
1.0
1.0
63.0
2.0
9.0
90.0
2.0
7.0
5.0
8.0
11.0
10.0
14.0
35.0
6.0
12.0
3.0
46.0
12.0
11.0
638.0
7.0
93.0
42.0
13.0
1.0
3.0
1.0
2.0
3.0
30.0
10.0
200.0
5.0
5.0
1.0
2.0
2.0
3.0
83.0
3.0
2.0
1.0
13.0
199.0
15.0
3.0
1.0
28.0
24.0
10.0
24.0
1.0
1.0
17.0
1.0
3.0
8.0
1.0
2.0
1.0
1.0
4.0
5.0
151.0
143.0
2.0
2.0
8.0
3.0
28.0
8.0
4.0
8.0
1.0
2.0
9.0
9.0
3.0
1.0
390.0
6.0
51.0
5.0
183.0
4.0
2.0
4.0
3.0
1.0
3.0
4.0
1.0
1.0
2.0
1.0
2.0
2.0
33.0
3.0
2.0
16.0
2.0
1.0
2.0
2.0
1.0
2.0
3.0
2.0
1.0
2.0
1.0
2.0
6.0
2.0
1.0
13.0
325.0
1.0
4.0
9.0
2.0
4.0
8.0
3.0
5.0
5.0
426.0
8.0
17.0
2.0
10.0
10.0
5.0
11.0
6.0
3.0
1801.0
51.0
1.0
8.0
7.0
2.0
201.0
3.0
5.0
81.0
3.0
4.0
36.0
101.0
2.0
50.0
4.0
3.0
7.0
178.0
5.0
14.0
1.0
111.0
1.0
6.0
3.0
12.0
1.0
2.0
1.0
6.0
2.0
4.0
1.0
4.0
5.0
2.0
55.0
237.0
10.0
9.0
26.0
3.0
1.0
12.0
84.0
1.0
1.0
5.0
6.0
391.0
1.0
7.0
91.0
1.0
2.0
17.0
1.0
975.0
5.0
23.0
3.0
1.0
1.0
2.0
10.0
12.0
120.0
7.0
5.0
1.0
48.0
93.0
46.0
1.0
1.0
69.0
1.0
1.0
1.0
30.0
10.0
149.0
8.0
3.0
51.0
24.0
54.0
63.0
1.0
1.0
5.0
302.0
12.0
16.0
1.0
27.0
3.0
1.0
3.0
16.0
2.0
1.0
7.0
6.0
4.0
413.0
10.0
74.0
2.0
1.0
7.0
16.0
2.0
1.0
9.0
1.0
3.0
23.0
5.0
1.0
10.0
238.0
1.0
1.0
1.0
3.0
1.0
129.0
703.0
85.0
10.0
1.0
20.0
4.0
89.0
7.0
2.0
1.0
10.0
1.0
1.0
1.0
3.0
29.0
4.0
2.0
13.0
7.0
8.0
7.0
1.0
1.0
8.0
1.0
640.0
1.0
12.0
2.0
2112.0
15.0
1.0
5.0
1.0
46.0
1.0
488.0
3.0
5.0
6.0
13.0
32.0
11.0
96.0
695.0
16.0
3.0
23.0
17.0
2.0
225.0
11.0
225.0
4.0
2.0
35.0
1.0
142.0
333.0
4.0
41.0
26.0
11.0
19.0
2.0
1.0
73.0
2.0
1.0
2.0
4.0
2.0
43.0
4.0
6.0
6.0
3.0
1.0
20.0
3.0
3.0
2.0
27.0
6.0
1.0
51.0
1.0
2.0
24.0
2.0
3.0
3.0
1374.0
89.0
229.0
704.0
1.0
5.0
1.0
6.0
1.0
2.0
17.0
2.0
6.0
5.0
5.0
6.0
2.0
8.0
2.0
580.0
26.0
1.0
2.0
19.0
9.0
3.0
2.0
33.0
3.0
1.0
14.0
3.0
4.0
2.0
1.0
1.0
20.0
14.0
2.0
83.0
1.0
53.0
1.0
13.0
14.0
1.0
6.0
157.0
3.0
2.0
2.0
1.0
4.0
18.0
2.0
1.0
24.0
25.0
55.0
4.0
40.0
1.0
1.0
2.0
8.0
1.0
11.0
1.0
14.0
228.0
1726.0
1.0
1.0
14.0
1.0
1.0
3.0
58.0
1.0
16.0
13.0
54.0
4.0
2.0
2.0
2.0
2.0
114.0
1.0
2.0
1.0
3.0
38.0
2.0
6.0
5.0
6.0
5.0
15.0
5.0
1.0
2.0
185.0
3.0
1.0
271.0
12.0
31.0
25.0
2.0
2.0
1.0
9.0
1.0
1.0
4.0
1.0
10.0
115.0
1.0
1.0
1.0
1.0
1.0
1.0
2.0
1.0
13.0
1.0
3.0
76.0
1.0
1.0
1.0
2.0
2.0
1.0
14.0
9.0
1.0
1.0
14.0
4.0
3.0
118.0
1.0
2.0
10.0
1.0
8.0
1.0
3.0
19.0
1.0
6.0
2.0
47.0
5.0
1.0
2.0
1.0
3.0
5.0
3.0
4.0
66.0
3.0
3.0
1.0
2.0
74.0
32.0
4.0
2.0
1.0
1.0
3.0
